197301	520.96
197302	446.22
197303	350.39
197304	229.4
197305	232.73
197306	233.47
197307	230.51
197308	249.01
197309	335.59
197310	391.09
197311	432.9
197312	461.02
197401	490.88
197402	418.88
197403	335.68
197404	232
197405	200
197406	191.04
197407	177.6
197408	250.88
197409	306.88
197410	337.28
197411	333.12
197412	379.2
197501	393.6
197502	257.1
197503	249.9
197504	165.9
197505	132.9
197506	145.5
197507	178.2
197508	166.2
197509	227.4
197510	259.5
197511	272.4
197512	374.4
197601	331.76
197602	205.61
197603	188.21
197604	216.92
197605	169.36
197606	151.67
197607	116.58
197608	155.15
197609	173.42
197610	223.59
197611	261.87
197612	391.5
197701	344.4
197702	231.28
197703	203.56
197704	210.28
197705	163.8
197706	169.68
197707	127.68
197708	158.48
197709	149.52
197710	192.08
197711	256.76
197712	299.6
197801	235.52
197802	241.73
197803	188.14
197804	159.16
197805	143.52
197806	138.92
197807	125.81
197808	128.34
197809	146.74
197810	211.83
197811	225.17
197812	242.65
197901	258.2
197902	156.4
197903	123.2
197904	110.6
197905	100
197906	102.6
197907	89
197908	84.2
197909	111.8
197910	156
197911	186.6
197912	199
198001	181.44
198002	158.76
198003	113.19
198004	121.38
198005	73.29
198006	57.96
198007	71.82
198008	67.83
198009	90.09
198010	122.85
198011	129.99
198012	166.32
198101	161.1
198102	128.16
198103	85.32
198104	101.16
198105	84.6
198106	54
198107	77.4
198108	82.62
198109	105.66
198110	112.68
198111	153.18
198112	190.08
198201	168.81
198202	117.81
198203	95.71
198204	119.51
198205	79.39
198206	61.71
198207	106.76
198208	113.9
198209	108.29
198210	112.2
198211	143.65
198212	173.06
198301	141.44
198302	123.68
198303	88.16
198304	122.72
198305	74.08
198306	58.72
198307	95.84
198308	90.56
198309	120.32
198310	127.84
198311	135.2
198312	173.12
198401	198.645
198402	173.827
198403	123.893
198404	176.309
198405	106.446
198406	84.173
198407	132.021
198408	124.672
198409	165.639
198410	131.616
198411	139.25
198412	178.183
198501	182.584
198502	159.772
198503	113.875
198504	167.998
198505	101.428
198506	80.206
198507	115.082
198508	108.676
198509	144.386
198510	157.517
198511	166.654
198512	213.248
198601	205.311
198602	179.66
198603	128.05
198604	185.118
198605	111.765
198606	88.379
198607	108.034
198608	102.02
198609	135.543
198610	152.296
198611	161.129
198612	206.178
198701	166.518
198702	145.714
198703	103.855
198704	138.584
198705	83.669
198706	66.162
198707	115.96
198708	109.505
198709	145.488
198710	150.885
198711	159.636
198712	204.268
198801	181.782
198802	149.205
198803	109.969
198804	133.82
198805	78.781
198806	96.768
198807	149.297
198808	144.846
198809	85.37
198810	98.114
198811	130.652
198812	209.994
198901	132.799
198902	145.535
198903	107.496
198904	107.233
198905	70.506
198906	62.195
198907	104.134
198908	94.371
198909	66.836
198910	44.048
198911	111.314
198912	248.667
199001	142.59
199002	131.135
199003	110.201
199004	106.378
199005	72.053
199006	74.607
199007	106.959
199008	99.696
199009	81.87
199010	82.691
199011	124.832
199012	211.763
199101	155.243
199102	108.94
199103	97.322
199104	72.544
199105	59.434
199106	57.904
199107	76.798
199108	69.474
199109	57.488
199110	63.614
199111	121.91
199112	156.274
199201	132.284
199202	104.796
199203	94.645
199204	95.785
199205	57.775
199206	53.214
199207	85.4
199208	70.792
199209	66.297
199210	66.125
199211	115.568
199212	164.81
199301	119.072
199302	115.468
199303	92.458
199304	110.421
199305	58.116
199306	75.261
199307	76.389
199308	68.709
199309	51.895
199310	69.54
199311	116.795
199312	165.7
199401	128.092
199402	100.372
199403	73.919
199404	68.232
199405	50.159
199406	59.703
199407	68.368
199408	58.772
199409	43.18
199410	50.619
199411	81.09
199412	119.388
199501	82.837
199502	74.433
199503	55.725
199504	58.355
199505	37.82
199506	37.968
199507	22.348
199508	47.979
199509	67.826
199510	43.807
199511	92.822
199512	132.953
199601	83.692
199602	69.385
199603	63.126
199604	59.56
199605	45.713
199606	38.863
199607	53.121
199608	50.872
199609	40.143
199610	41.002
199611	79.614
199612	95.587
199701	91.029
199702	66.185
199703	56.071
199704	63.263
199705	41.723
199706	37.204
199707	55.145
199708	47.34
199709	39.705
199710	42.415
199711	72.347
199712	98.523
199801	60.843
199802	49.7
199803	49.7
199804	42.564
199805	29.495
199806	34.771
199807	39.503
199808	37.785
199809	29.541
199810	30.964
199811	51.712
199812	77.568
199901	80.391
199902	60.247
199903	34.997
199904	50.334
199905	30.841
199906	35.915
199907	48.843
199908	39.47
199909	28.778
199910	36.542
199911	50.927
199912	88.166
200001	58.61
200002	43.677
200003	33.897
200004	38.66
200005	25.911
200006	26.219
200007	31.644
200008	32.387
200009	26.759
200010	21.224
200011	44.004
200012	70.958
200101	57.212
200102	45.41
200103	41.558
200104	41.194
200105	25.861
200106	29.065
200107	35.616
200108	36.169
200109	24.334
200110	31.309
200111	41.978
200112	70.893
200201	59.37
200202	51.738
200203	48.915
200204	43.365
200205	32.985
200206	30.332
200207	42.166
200208	37.558
200209	26.958
200210	35.633
200211	53.589
200212	70.801
200301	67.317
200302	56.425
200303	41.449
200304	47.108
200305	33.577
200306	29.443
200307	41.858
200308	41.609
200309	26.66
200310	32.748
200311	51.92
200312	80.523
200401	65.724
200402	52.88
200403	35.048
200404	42.64
200405	30.457
200406	29.338
200407	40.083
200408	34.357
200409	27.995
200410	29.678
200411	47.963
200412	76.013
200501	44.865
200502	34.849
200503	33.545
200504	28.67
200505	22.729
200506	24.107
200507	28.683
200508	27.287
200509	19.535
200510	21.596
200511	33.525
200512	58.138
200601	30.89
200602	28.072
200603	28.155
200604	18.519
200605	19.247
200606	20.312
200607	20.382
200608	20.399
200609	17.297
200610	24.802
200611	29
200612	33.315
200701	36.936
200702	35.856
200703	32.99
200704	24.151
200705	23.646
200706	22.724
200707	23.266
200708	24.872
200709	22.383
200710	30.415
200711	36.188
200712	39.179
198901	97.936
198902	92.094
198903	90.951
198904	82.353
198905	85.85
198906	93.342
198907	102.268
198908	103.402
198909	92.278
198910	88.834
198911	89.486
198912	106.105
199001	102.259
199002	89.44
199003	93.707
199004	89.17
199005	91.206
199006	100.564
199007	110.124
199008	112.517
199009	103.12
199010	99.087
199011	93.948
199012	105.417
199101	113.575
199102	93.229
199103	94.275
199104	88.185
199105	97.387
199106	104.686
199107	114.285
199108	114.336
199109	102.428
199110	98.429
199111	101.5
199112	106.025
199201	102.828
199202	90.654
199203	94.453
199204	88.563
199205	91.269
199206	96.588
199207	111.19
199208	106.402
199209	99.367
199210	94.606
199211	94.314
199212	104.486
199301	117.11
199302	107.681
199303	113.183
199304	100.567
199305	101.302
199306	114.947
199307	132.833
199308	131.508
199309	112.204
199310	109.586
199311	110.829
199312	121.02
199401	125.563
199402	107.629
199403	108.687
199404	98.725
199405	103.731
199406	120.248
199407	125.772
199408	124.445
199409	109.257
199410	105.972
199411	101.745
199412	112.078
199501	122.269
199502	109.176
199503	108.812
199504	101.179
199505	107.247
199506	118.694
199507	136.403
199508	143.305
199509	117.465
199510	113.531
199511	115.001
199512	125.938
199601	145.831
199602	131.175
199603	131.095
199604	118.326
199605	127.923
199606	139.497
199607	152.486
199608	154.437
199609	136.527
199610	135.867
199611	139.581
199612	147.626
199701	156.888
199702	131.387
199703	133.922
199704	126.022
199705	132.018
199706	142.75
199707	163.525
199708	159.48
199709	147.323
199710	147.129
199711	141.59
199712	155.677
199801	125.96
199802	109.449
199803	113.759
199804	105.295
199805	115.421
199806	125.162
199807	138.107
199808	137.911
199809	123.676
199810	116.278
199811	110.013
199812	121.789
199901	130.965
199902	112.053
199903	117.805
199904	111.584
199905	117.579
199906	127.711
199907	145.599
199908	140.963
199909	125.68
199910	119.715
199911	115.31
199912	125.285
200001	138.782
200002	125.014
200003	122.283
200004	110.201
200005	121.388
200006	133.058
200007	138.713
200008	144.058
200009	127.324
200010	125.722
200011	124.424
200012	136.062
200101	131.36
200102	132.01
200103	129.36
200104	98.84
200105	104.66
200106	116.81
200107	143.89
200108	162.27
200109	121.69
200110	100.32
200111	96.74
200112	109.76
200201	127.218
200202	101.531
200203	123.663
200204	100.105
200205	105.49
200206	112.437
200207	125.848
200208	127.404
200209	116.355
200210	114.489
200211	116.399
200212	134.298
200301	171.289
200302	152.323
200303	154.718
200304	136.881
200305	136.978
200306	143.853
200307	159.461
200308	164.036
200309	146.241
200310	141.47
200311	143.268
200312	165.163
200401	201.941
200402	183.965
200403	180.774
200404	141.132
200405	151.546
200406	151.806
200407	154.498
200408	154.492
200409	142.032
200410	131.264
200411	158.238
200412	165.061
200501	191.986
200502	168.469
200503	172.523
200504	135.398
200505	135.769
200506	157.782
200507	165.825
200508	161.464
200509	147.871
200510	137.989
200511	156.574
200512	189.863
200601	186.066
200602	169.096
200603	169.595
200604	133.678
200605	138.928
200606	146.62
200607	162.546
200608	162.685
200609	137.946
200610	136.275
200611	159.338
200612	183.047
200701	191.138
200702	185.547
200703	170.716
200704	145.995
200705	142.942
200706	137.365
200707	151.135
200708	161.571
200709	145.401
200710	142.319
200711	169.334
200712	183.33
200801	197.17
200802	181.221
200803	175.855
200804	143.833
200805	144.507
200806	176.867
200807	168.83
200808	167.879
200809	154.718
200810	149.737
200811	165.657
200812	194.747
200901	208.488
200902	178.468
200903	169.863
200904	127.742
200905	116.67
200906	135.403
200907	137.228
200908	142.923
200909	127.269
200910	128.609
200911	151.274
200912	173.865
201001	192.732
201002	167.23
201003	149.349
201004	117.06
201005	118.398
201006	134.823
201007	141.821
201008	151.74
201009	132.752
201010	121.421
201011	127.865
201012	164.776
201101	188.726
201102	173.308
201103	164.441
201104	123.729
201105	124.12
201106	130.403
201107	144.829
201108	129.328
201109	122.235
201110	110.077
201111	117.473
201112	138.995
201201	155.402
201202	135.019
201203	127.674
201204	102.082
201205	108.45
201206	108.712
201207	119.858
201208	120.104
201209	107.005
201210	101.199
201211	123.625
201212	140.766
201301	148.911
201302	137.038
201303	132.186
201304	99.685
201305	105.286
201306	101.876
201307	100.389
201308	101.761
201309	96.422
201310	90.521
201311	112.197
201312	129.861
201401	131.652
201402	131.171
201403	118.026
201404	81.929
201405	71.559
201406	78.333
201407	85.274
201408	71.562
201409	63.73
201410	57.606
201411	81.857
201412	89.959
201501	96.736
201502	96.733
201503	83.309
201504	54.293
201505	50.344
201506	60.892
201507	64.311
201508	57.556
201509	50.89
201510	51.541
201511	59.107
201512	72.142
201601	75.589
201602	77.956
201603	74.92
201604	49.432
201605	40.053
201606	46.125
201607	45.911
201608	50.489
201609	49.145
201610	49.717
201611	61.191
201612	71.392
201701	62.083
201702	50.257
201703	54.767
201704	37.184
201705	35.992
201706	41.921
201707	49.908
197301	887.04
197302	759.78
197303	596.61
197304	390.6
197305	396.27
197306	397.53
197307	392.49
197308	423.99
197309	571.41
197310	665.91
197311	737.1
197312	784.98
197401	1043.12
197402	890.12
197403	713.32
197404	493
197405	425
197406	405.96
197407	377.4
197408	533.12
197409	652.12
197410	716.72
197411	707.88
197412	805.8
197501	918.4
197502	599.9
197503	583.1
197504	387.1
197505	310.1
197506	339.5
197507	415.8
197508	387.8
197509	530.6
197510	605.5
197511	635.6
197512	873.6
197601	812.24
197602	503.39
197603	460.79
197604	531.08
197605	414.64
197606	371.33
197607	285.42
197608	379.85
197609	424.58
197610	547.41
197611	641.13
197612	958.5
197701	885.6
197702	594.72
197703	523.44
197704	540.72
197705	421.2
197706	436.32
197707	328.32
197708	407.52
197709	384.48
197710	493.92
197711	660.24
197712	770.4
197801	788.48
197802	809.27
197803	629.86
197804	532.84
197805	480.48
197806	465.08
197807	421.19
197808	429.66
197809	491.26
197810	709.17
197811	753.83
197812	812.35
197901	1032.8
197902	625.6
197903	492.8
197904	442.4
197905	400
197906	410.4
197907	356
197908	336.8
197909	447.2
197910	624
197911	746.4
197912	796
198001	682.56
198002	597.24
198003	425.81
198004	456.62
198005	275.71
198006	218.04
198007	270.18
198008	255.17
198009	338.91
198010	462.15
198011	489.01
198012	625.68
198101	733.9
198102	583.84
198103	388.68
198104	460.84
198105	385.4
198106	246
198107	352.6
198108	376.38
198109	481.34
198110	513.32
198111	697.82
198112	865.92
198201	824.19
198202	575.19
198203	467.29
198204	583.49
198205	387.61
198206	301.29
198207	521.24
198208	556.1
198209	528.71
198210	547.8
198211	701.35
198212	844.94
198301	742.56
198302	649.32
198303	462.84
198304	644.28
198305	388.92
198306	308.28
198307	503.16
198308	475.44
198309	631.68
198310	671.16
198311	709.8
198312	908.88
198401	846.855
198402	741.051
198403	528.173
198404	751.635
198405	453.796
198406	358.845
198407	562.826
198408	531.498
198409	706.144
198410	561.102
198411	593.645
198412	759.621
198501	647.342
198502	566.465
198503	403.74
198504	595.631
198505	359.61
198506	284.366
198507	408.016
198508	385.306
198509	511.913
198510	558.471
198511	590.862
198512	756.059
198601	687.346
198602	601.472
198603	428.69
198604	619.744
198605	374.168
198606	295.878
198607	361.678
198608	341.547
198609	453.775
198610	509.859
198611	539.431
198612	690.249
198701	557.473
198702	487.824
198703	347.69
198704	463.955
198705	280.111
198706	221.501
198707	388.213
198708	366.605
198709	487.067
198710	505.136
198711	534.434
198712	683.855
198801	644.499
198802	529
198803	389.89
198804	474.454
198805	279.316
198806	343.086
198807	529.326
198808	513.547
198809	302.677
198810	347.858
198811	463.219
198812	744.523
198901	401.642
198902	455.397
198903	313.438
198904	321.048
198905	179.387
198906	140.631
198907	289.472
198908	251.612
198909	159.151
198910	76.872
198911	329.268
198912	829.356
199001	468.1
199002	435.1
199003	347.096
199004	336.342
199005	197.007
199006	197.862
199007	317.711
199008	286.267
199009	224.358
199010	231.677
199011	405.379
199012	741.636
199101	593.643
199102	403.051
199103	349.079
199104	242.295
199105	173.367
199106	159.1
199107	235.573
199108	202.155
199109	159.46
199110	191.369
199111	453.869
199112	605.89
199201	499.799
199202	386.751
199203	336.706
199204	347.79
199205	171.927
199206	145.83
199207	277.854
199208	216.095
199209	202.654
199210	206.629
199211	432.162
199212	646.314
199301	425.331
199302	418.342
199303	308.013
199304	402.464
199305	163.451
199306	227.908
199307	215.163
199308	181.498
199309	124.206
199310	207.21
199311	421.237
199312	633.837
199401	600.291
199402	461.147
199403	310.185
199404	287.924
199405	180.502
199406	218.07
199407	261.647
199408	208.598
199409	135.429
199410	180.869
199411	357.767
199412	564.452
199501	432.103
199502	388.954
199503	264.116
199504	289.349
199505	145.854
199506	135.397
199507	13.159
199508	177.782
199509	336.449
199510	179.639
199511	506.189
199512	763.822
199601	467.907
199602	377.651
199603	331.832
199604	318.451
199605	207.303
199606	145.5
199607	237.068
199608	218.622
199609	157.859
199610	164.814
199611	444.256
199612	553.348
199701	579.621
199702	404.112
199703	319.742
199704	385.83
199705	205.561
199706	158.268
199707	282.651
199708	223.545
199709	173.924
199710	196.044
199711	443.765
199712	641.465
199801	366.315
199802	292.672
199803	288.362
199804	239.085
199805	123.219
199806	156.164
199807	181.506
199808	167.806
199809	115.339
199810	134.253
199811	308.381
199812	505.803
199901	458.571
199902	329.758
199903	138.84
199904	257.532
199905	108.591
199906	135.664
199907	212.579
199908	148.484
199909	85.355
199910	148.262
199911	258.156
199912	521.264
200001	335.429
200002	228.372
200003	151.978
200004	202.596
200005	88.252
200006	79.078
200007	117.313
200008	117.983
200009	89.182
200010	45.996
200011	231.605
200012	438.049
200101	331.539
200102	235.394
200103	206.883
200104	234.459
200105	104.577
200106	118.351
200107	144.279
200108	130.374
200109	75.196
200110	152.996
200111	242.897
200112	463.833
200201	308.158
200202	277.885
200203	235.047
200204	217.903
200205	136.4
200206	110
200207	183.369
200208	148.018
200209	81.341
200210	146.82
200211	276.588
200212	384.909
200301	279.218
200302	225.293
200303	122.673
200304	178.381
200305	87.73
200306	53.185
200307	120.669
200308	114.427
200309	32.175
200310	77.691
200311	204.199
200312	373.722
200401	389.578
200402	291.956
200403	134.661
200404	242.627
200405	122.568
200406	112.238
200407	206.252
200408	154.723
200409	109.92
200410	135.834
200411	273.427
200412	519.053
200501	323.962
200502	232.291
200503	213.239
200504	194.304
200505	125.617
200506	119.446
200507	164.027
200508	152.342
200509	76.786
200510	110.364
200511	228.964
200512	478.718
200601	126.261
200602	114.745
200603	115.084
200604	53.572
200605	55.675
200606	58.758
200607	43.536
200608	43.572
200609	36.947
200610	114.503
200611	133.881
200612	153.802
200701	141.289
200702	137.156
200703	126.193
200704	71.367
200705	69.875
200706	67.148
200707	58.257
200708	62.281
200709	56.047
200710	131.414
200711	156.359
200712	169.283
200801	198.244
200802	182.208
200803	176.813
200804	86.284
200805	86.688
200806	106.101
200807	77.834
200808	77.396
200809	71.329
200810	123.837
200811	137.003
200812	161.061
200901	191.535
200902	163.956
200903	156.051
200904	95.446
200905	87.173
200906	101.17
200907	71.553
200908	74.523
200909	66.36
200910	114.61
200911	134.808
200912	154.94
201001	199.574
201002	173.166
201003	154.651
201004	75.261
201005	76.121
201006	86.681
201007	71.879
201008	76.907
201009	67.283
201010	111.149
201011	117.048
201012	150.837
201101	175.627
201102	161.279
201103	153.028
201104	86.485
201105	86.758
201106	91.15
201107	48.187
201108	43.03
201109	40.67
201110	71.708
201111	76.526
201112	90.546
201201	100.216
201202	87.071
201203	82.335
201204	30.201
201205	32.085
201206	32.163
201207	16.015
201208	16.048
201209	14.297
201210	51.03
201211	62.338
201212	70.981
201301	92.77
201302	85.373
201303	82.351
201304	29.414
201305	31.067
201306	30.061
201307	19
201308	19.259
201309	18.249
201310	51.022
201311	63.239
201312	73.196
201401	120.24
201402	119.8
201403	107.795
201404	49.619
201405	43.339
201406	47.442
201407	40.697
201408	34.153
201409	30.414
201410	57.932
201411	82.321
201412	90.469
201501	101.426
201502	101.423
201503	87.347
201504	44.668
201505	41.419
201506	50.097
201507	39.263
201508	35.139
201509	31.068
201510	48.982
201511	56.172
201512	68.559
201601	72.72
201602	74.997
201603	72.076
201604	26.85
201605	21.756
201606	25.054
201607	17.13
201608	18.838
201609	18.336
201610	38.787
201611	47.739
201612	55.697
201701	76.367
201702	61.82
201703	67.368
201704	27.062
201705	26.195
201706	30.51
201707	2.592
197301	887.04
197302	759.78
197303	596.61
197304	390.6
197305	396.27
197306	397.53
197307	392.49
197308	423.99
197309	571.41
197310	665.91
197311	737.1
197312	784.98
197401	1043.12
197402	890.12
197403	713.32
197404	493
197405	425
197406	405.96
197407	377.4
197408	533.12
197409	652.12
197410	716.72
197411	707.88
197412	805.8
197501	918.4
197502	599.9
197503	583.1
197504	387.1
197505	310.1
197506	339.5
197507	415.8
197508	387.8
197509	530.6
197510	605.5
197511	635.6
197512	873.6
197601	812.24
197602	503.39
197603	460.79
197604	531.08
197605	414.64
197606	371.33
197607	285.42
197608	379.85
197609	424.58
197610	547.41
197611	641.13
197612	958.5
197701	885.6
197702	594.72
197703	523.44
197704	540.72
197705	421.2
197706	436.32
197707	328.32
197708	407.52
197709	384.48
197710	493.92
197711	660.24
197712	770.4
197801	788.48
197802	809.27
197803	629.86
197804	532.84
197805	480.48
197806	465.08
197807	421.19
197808	429.66
197809	491.26
197810	709.17
197811	753.83
197812	812.35
197901	1032.8
197902	625.6
197903	492.8
197904	442.4
197905	400
197906	410.4
197907	356
197908	336.8
197909	447.2
197910	624
197911	746.4
197912	796
198001	682.56
198002	597.24
198003	425.81
198004	456.62
198005	275.71
198006	218.04
198007	270.18
198008	255.17
198009	338.91
198010	462.15
198011	489.01
198012	625.68
198101	733.9
198102	583.84
198103	388.68
198104	460.84
198105	385.4
198106	246
198107	352.6
198108	376.38
198109	481.34
198110	513.32
198111	697.82
198112	865.92
198201	824.19
198202	575.19
198203	467.29
198204	583.49
198205	387.61
198206	301.29
198207	521.24
198208	556.1
198209	528.71
198210	547.8
198211	701.35
198212	844.94
198301	742.56
198302	649.32
198303	462.84
198304	644.28
198305	388.92
198306	308.28
198307	503.16
198308	475.44
198309	631.68
198310	671.16
198311	709.8
198312	908.88
198401	846.855
198402	741.051
198403	528.173
198404	751.635
198405	453.796
198406	358.845
198407	562.826
198408	531.498
198409	706.144
198410	561.102
198411	593.645
198412	759.621
198501	647.342
198502	566.465
198503	403.74
198504	595.631
198505	359.61
198506	284.366
198507	408.016
198508	385.306
198509	511.913
198510	558.471
198511	590.862
198512	756.059
198601	687.346
198602	601.472
198603	428.69
198604	619.744
198605	374.168
198606	295.878
198607	361.678
198608	341.547
198609	453.775
198610	509.859
198611	539.431
198612	690.249
198701	557.473
198702	487.824
198703	347.69
198704	463.955
198705	280.111
198706	221.501
198707	388.213
198708	366.605
198709	487.067
198710	505.136
198711	534.434
198712	683.855
198801	644.499
198802	529
198803	389.89
198804	474.454
198805	279.316
198806	343.086
198807	529.326
198808	513.547
198809	302.677
198810	347.858
198811	463.219
198812	744.523
198901	499.578
198902	547.491
198903	404.389
198904	403.402
198905	265.237
198906	233.974
198907	391.74
198908	355.014
198909	251.429
198910	165.706
198911	418.754
198912	935.461
199001	570.359
199002	524.54
199003	440.803
199004	425.513
199005	288.214
199006	298.426
199007	427.835
199008	398.784
199009	327.478
199010	330.764
199011	499.326
199012	847.053
199101	707.218
199102	496.28
199103	443.354
199104	330.48
199105	270.754
199106	263.786
199107	349.858
199108	316.49
199109	261.888
199110	289.798
199111	555.369
199112	711.916
199201	602.627
199202	477.406
199203	431.159
199204	436.352
199205	263.196
199206	242.418
199207	389.044
199208	322.497
199209	302.022
199210	301.235
199211	526.475
199212	750.799
199301	542.441
199302	526.023
199303	421.196
199304	503.031
199305	264.753
199306	342.855
199307	347.996
199308	313.006
199309	236.41
199310	316.796
199311	532.066
199312	754.857
199401	725.853
199402	568.776
199403	418.872
199404	386.649
199405	284.232
199406	338.318
199407	387.419
199408	333.044
199409	244.685
199410	286.841
199411	459.512
199412	676.529
199501	554.372
199502	498.131
199503	372.928
199504	390.527
199505	253.101
199506	254.09
199507	149.562
199508	321.087
199509	453.914
199510	293.17
199511	621.19
199512	889.759
199601	613.738
199602	508.826
199603	462.927
199604	436.777
199605	335.226
199606	284.997
199607	389.554
199608	373.058
199609	294.386
199610	300.681
199611	583.837
199612	700.974
199701	736.509
199702	535.499
199703	453.664
199704	511.852
199705	337.579
199706	301.018
199707	446.176
199708	383.025
199709	321.246
199710	343.173
199711	585.356
199712	797.143
199801	492.274
199802	402.122
199803	402.122
199804	344.379
199805	238.64
199806	281.325
199807	319.613
199808	305.717
199809	239.015
199810	250.531
199811	418.394
199812	627.592
199901	589.536
199902	441.811
199903	256.645
199904	369.117
199905	226.17
199906	263.375
199907	358.178
199908	289.447
199909	211.035
199910	267.977
199911	373.467
199912	646.548
200001	474.212
200002	353.386
200003	274.262
200004	312.797
200005	209.64
200006	212.136
200007	256.026
200008	262.041
200009	216.506
200010	171.717
200011	356.029
200012	574.111
200101	462.899
200102	367.404
200103	336.243
200104	333.299
200105	209.237
200106	235.161
200107	288.169
200108	292.644
200109	196.886
200110	253.316
200111	339.637
200112	573.593
200201	435.376
200202	379.416
200203	358.71
200204	318.008
200205	241.89
200206	222.437
200207	309.217
200208	275.422
200209	197.696
200210	261.309
200211	392.987
200212	519.207
200301	450.507
200302	377.616
200303	277.391
200304	315.262
200305	224.708
200306	197.038
200307	280.13
200308	278.463
200309	178.416
200310	219.161
200311	347.467
200312	538.885
200401	591.52
200402	475.921
200403	315.436
200404	383.759
200405	274.114
200406	264.045
200407	360.751
200408	309.215
200409	251.952
200410	267.098
200411	431.664
200412	684.114
200501	515.949
200502	400.76
200503	385.762
200504	329.702
200505	261.386
200506	277.227
200507	329.852
200508	313.806
200509	224.657
200510	248.353
200511	385.538
200512	668.581
200601	312.327
200602	283.841
200603	284.679
200604	187.25
200605	194.604
200606	205.378
200607	206.081
200608	206.257
200609	174.893
200610	250.778
200611	293.219
200612	336.849
200701	332.427
200702	322.703
200703	296.909
200704	217.362
200705	212.817
200706	204.513
200707	209.392
200708	223.852
200709	201.448
200710	273.733
200711	325.693
200712	352.613
200801	395.414
200802	363.429
200803	352.668
200804	230.117
200805	231.195
200806	282.968
200807	246.664
200808	245.275
200809	226.047
200810	273.574
200811	302.66
200812	355.808
200901	400.023
200902	342.424
200903	325.914
200904	223.188
200905	203.843
200906	236.573
200907	208.781
200908	217.446
200909	193.629
200910	243.219
200911	286.082
200912	328.805
201001	392.306
201002	340.396
201003	304
201004	192.321
201005	194.519
201006	221.504
201007	213.7
201008	228.647
201009	200.035
201010	232.57
201011	244.913
201012	315.613
201101	364.353
201102	334.587
201103	317.469
201104	210.214
201105	210.878
201106	221.553
201107	193.016
201108	172.358
201109	162.905
201110	181.785
201111	193.999
201112	229.541
201201	255.618
201202	222.09
201203	210.009
201204	132.283
201205	140.535
201206	140.875
201207	135.873
201208	136.152
201209	121.302
201210	152.229
201211	185.963
201212	211.747
201301	241.681
201302	222.411
201303	214.537
201304	129.099
201305	136.353
201306	131.937
201307	119.389
201308	121.02
201309	114.671
201310	141.543
201311	175.436
201312	203.057
201401	251.892
201402	250.971
201403	225.821
201404	131.548
201405	114.898
201406	125.775
201407	125.971
201408	105.715
201409	94.144
201410	115.538
201411	164.178
201412	180.428
201501	198.162
201502	198.156
201503	170.656
201504	98.961
201505	91.763
201506	110.989
201507	103.574
201508	92.695
201509	81.958
201510	100.523
201511	115.279
201512	140.701
201601	148.309
201602	152.953
201603	146.996
201604	76.282
201605	61.809
201606	71.179
201607	63.041
201608	69.327
201609	67.481
201610	88.504
201611	108.93
201612	127.089
201701	138.45
201702	112.077
201703	122.135
201704	64.246
201705	62.187
201706	72.431
201707	52.5
197301	7865
197302	7220
197303	7992
197304	7763
197305	8086
197306	7815
197307	8000
197308	7932
197309	7639
197310	7921
197311	7779
197312	8089
197401	8018
197402	7343
197403	7699
197404	7807
197405	7941
197406	7716
197407	7804
197408	7757
197409	7568
197410	7747
197411	6616
197412	6175
197501	7333
197502	7060
197503	7911
197504	7454
197505	7307
197506	7022
197507	6664
197508	6590
197509	6313
197510	6688
197511	6512
197512	6744
197601	6760
197602	6633
197603	7296
197604	7111
197605	7427
197606	7186
197607	7300
197608	7070
197609	6940
197610	7072
197611	6934
197612	6975
197701	6422
197702	6273
197703	7076
197704	6827
197705	7024
197706	6841
197707	6706
197708	6180
197709	5886
197710	6346
197711	6061
197712	6097
197801	5425
197802	4182
197803	4014
197804	5529
197805	6424
197806	6399
197807	6552
197808	6460
197809	6417
197810	6706
197811	6523
197812	6763
197901	6578
197902	5954
197903	6850
197904	6558
197905	6725
197906	6470
197907	6513
197908	6417
197909	6334
197910	6404
197911	6138
197912	6427
198001	6339
198002	6010
198003	6429
198004	6247
198005	6127
198006	5326
198007	4903
198008	4878
198009	4794
198010	5107
198011	5152
198012	5343
198101	5465
198102	5177
198103	5532
198104	4862
198105	4259
198106	4460
198107	5449
198108	5434
198109	5340
198110	5158
198111	5037
198112	4842
198201	4444
198202	4340
198203	4173
198204	3708
198205	3622
198206	3481
198207	3121
198208	3058
198209	2924
198210	2757
198211	2693
198212	2587
198301	2813
198302	2742
198303	2567
198304	3206
198305	3151
198306	2734
198307	3269
198308	3252
198309	3196
198310	3307
198311	3335
198312	3461
198401	3791.027
198402	3592.326
198403	3842.666
198404	4179.704
198405	4100.349
198406	3563.822
198407	3638.577
198408	3620.19
198409	3557.456
198410	3317.532
198411	3345.912
198412	3472.613
198501	3463.458
198502	3281.927
198503	3510.636
198504	3851.082
198505	3777.967
198506	3283.623
198507	3437.172
198508	3419.802
198509	3360.54
198510	3165.018
198511	3192.094
198512	3312.97
198601	3503.177
198602	3229.913
198603	3572.333
198604	3601.781
198605	3533.399
198606	3071.056
198607	2591.481
198608	2578.385
198609	2533.705
198610	2523.24
198611	2544.825
198612	2641.191
198701	2644.511
198702	2505.903
198703	2680.532
198704	3297.621
198705	3235.013
198706	2811.714
198707	3265.472
198708	3248.97
198709	3192.669
198710	3297.479
198711	3325.687
198712	3451.623
198801	3465.092
198802	3296.927
198803	3595.476
198804	3504.412
198805	3681.707
198806	3349.45
198807	3604.54
198808	3417.751
198809	3460.209
198810	3546.97
198811	3400.25
198812	3565.097
198901	3440.704
198902	3177.98
198903	3589.401
198904	3564.433
198905	3477.899
198906	3322.798
198907	3466.643
198908	3278.743
198909	3262.576
198910	3539.477
198911	3246.314
198912	3141.487
199001	3455.975
199002	3116.99
199003	3471.368
199004	3226.923
199005	3365.381
199006	3202.545
199007	3119.216
199008	3235.979
199009	3120.445
199010	3318.879
199011	3223.436
199012	3019.768
199101	2928.489
199102	2478.75
199103	2883.373
199104	2674.942
199105	2710
199106	2690.201
199107	2928.919
199108	2915.571
199109	2932.464
199110	2901.788
199111	2896.125
199112	2913.067
199201	2783.177
199202	2655.873
199203	2900.817
199204	2722.545
199205	2756.99
199206	2617.362
199207	2801.809
199208	2773.04
199209	2625.382
199210	2586.438
199211	2561.888
199212	2580.971
199301	2674.201
199302	2467.924
199303	2640.495
199304	2578.482
199305	2718.651
199306	2588.481
199307	2677.861
199308	2664.329
199309	2618.159
199310	2660.483
199311	2446.972
199312	2586.812
199401	2618.572
199402	2481.324
199403	2654.241
199404	2631.833
199405	2742.114
199406	2590.715
199407	2672.701
199408	2659.195
199409	2613.114
199410	2643.465
199411	2666.08
199412	2767.037
199501	2758.324
199502	2548.619
199503	2832.791
199504	2768.617
199505	2820.415
199506	2702.011
199507	2740.761
199508	2796.865
199509	2792.182
199510	2714.781
199511	2770.352
199512	2765.714
199601	2714.442
199602	2523.02
199603	2720.625
199604	2610.811
199605	2668.886
199606	2685.631
199607	2708.289
199608	2675.998
199609	2631.439
199610	2572.371
199611	2519.437
199612	2674.811
199701	2515.295
199702	2393.631
199703	2681.394
199704	2425.948
199705	2548.192
199706	2435.739
199707	2590.219
199708	2577.13
199709	2532.471
199710	2459.466
199711	2521.758
199712	2521.758
199801	2345.312
199802	2097.073
199803	2292.623
199804	2456.4
199805	2507.865
199806	2274.889
199807	2403.355
199808	2452.953
199809	2316.051
199810	2454.062
199811	2207.469
199812	2380.527
199901	2286.526
199902	2121.908
199903	2386.603
199904	2495.815
199905	2448.431
199906	2128.055
199907	2362.985
199908	2351.044
199909	2310.302
199910	2388.658
199911	2351.736
199912	2475.813
200001	2472.566
200002	2342.971
200003	2506.246
200004	2499.43
200005	2547.544
200006	2398.518
200007	2483.722
200008	2428.429
200009	2382.752
200010	2250.875
200011	2270.13
200012	2356.094
200101	2176.229
200102	2144.736
200103	2465.504
200104	2319.909
200105	2336.829
200106	2267.679
200107	2206.263
200108	2248.894
200109	2144.78
200110	2203.144
200111	1845.894
200112	1715.268
200201	1860.551
200202	1763.172
200203	1917.255
200204	1931.513
200205	1995.267
200206	1909.747
200207	1972.806
200208	2054.161
200209	2041.31
200210	2186.141
200211	2015.002
200212	2008.945
200301	1941.377
200302	1958.036
200303	2104.685
200304	2047.245
200305	1963.538
200306	2059.251
200307	2079.382
200308	2006.692
200309	2023.626
200310	2001.323
200311	1975.712
200312	2086.784
200401	1995.631
200402	1828.971
200403	2079.943
200404	2023.016
200405	1973.954
200406	1933.795
200407	1918.229
200408	1996.135
200409	1978.742
200410	2001.652
200411	1937.306
200412	2002.718
200501	1865.243
200502	1778.201
200503	1941.104
200504	2208.077
200505	1931.35
200506	1907.886
200507	1881.595
200508	2018.49
200509	2108.964
200510	2007.301
200511	1831.513
200512	1954.452
200601	1878.557
200602	1829.808
200603	2005.339
200604	1861.666
200605	1967.657
200606	1938.896
200607	1933.443
200608	1910.677
200609	1938.876
200610	2094.182
200611	1865.257
200612	1732.826
200701	1818.158
200702	1730.222
200703	2027.367
200704	1865.058
200705	1949.715
200706	1921.13
200707	1912.658
200708	1883.2
200709	1882.435
200710	1957.138
200711	1810.496
200712	1957.876
200801	1834.091
200802	1791.826
200803	1909.944
200804	1863.563
200805	1911.277
200806	1805.362
200807	1915.21
200808	2033.856
200809	1818.203
200810	2208.059
200811	1625.546
200812	1352.74
200901	1390.246
200902	1448.867
200903	1558.951
200904	1150.37
200905	1118.206
200906	1133.584
200907	1031.8
200908	1168.209
200909	1249.859
200910	1431.165
200911	1274.264
200912	1370.712
201001	1471.75
201002	1584.308
201003	1800.678
201004	1786.332
201005	1793.932
201006	1772.251
201007	1783.045
201008	1813.969
201009	1894.403
201010	1730.667
201011	1787.274
201012	1873.544
201101	1745.742
201102	1623.471
201103	1818.698
201104	1668.139
201105	1877.631
201106	1845.987
201107	1669.897
201108	1862.666
201109	1874.328
201110	1784.391
201111	1772.347
201112	1890.599
201201	1700.801
201202	1686.973
201203	1895.181
201204	1782.616
201205	1856.554
201206	1656.86
201207	1676.042
201208	1815.931
201209	1552.352
201210	1647.183
201211	1714.533
201212	1766.346
201301	1825.338
201302	1644.485
201303	1810.227
201304	1816.588
201305	1867.855
201306	1786.778
201307	1756.381
201308	1836.282
201309	1836.282
201310	1807.198
201311	1736.528
201312	1750.028
201401	1621.404
201402	1559.287
201403	1704.821
201404	1659.864
201405	1743.129
201406	1770.679
201407	1924.787
201408	1912.709
201409	1798.625
201410	1817.666
201411	1850.206
201412	1933.458
201501	1908.486
201502	1598.476
201503	1649.45
201504	1543.421
201505	1677.22
201506	1766.275
201507	1800.732
201508	1710.957
201509	1518.791
201510	1585.991
201511	1479.331
201512	1469.267
201601	1328.483
201602	1361.445
201603	1433.657
201604	1324.031
201605	1366.87
201606	1404.818
201607	1432.54
201608	1394.678
201609	1335.799
201610	1334.67
201611	1325.968
201612	1441.749
201701	1430.645
201702	1367.727
201703	1437.669
201704	1440.81
201705	1482.486
201706	1401.664
201707	1468.166
198901	2069.598
198902	2015.767
198903	2056.951
198904	2075.022
198905	2040.33
198906	2126.109
198907	2039.229
198908	2164.706
198909	2090.426
198910	2129.357
198911	2070.983
198912	1988.333
199001	2271.66
199002	2255.363
199003	2275.025
199004	2303.459
199005	2270.381
199006	2366.34
199007	2312.923
199008	2445.879
199009	2351.504
199010	2386.306
199011	2309.275
199012	2232.835
199101	2222.342
199102	2168.654
199103	2156.592
199104	2217.447
199105	2180.585
199106	2286.304
199107	2267.479
199108	2388.216
199109	2309.091
199110	2355.906
199111	2262.998
199112	2205.766
199201	2294.912
199202	2250.187
199203	2312.006
199204	2329.186
199205	2291.484
199206	2420.052
199207	2375.464
199208	2469.248
199209	2403.614
199210	2428.239
199211	2366.014
199212	2303.183
199301	2357.631
199302	2320.055
199303	2357.332
199304	2389.704
199305	2342.033
199306	2457.059
199307	2412.434
199308	2519.263
199309	2440.039
199310	2481.565
199311	2426.025
199312	2382.47
199401	2383.965
199402	2347.946
199403	2416.087
199404	2427.169
199405	2425.184
199406	2527.109
199407	2475.527
199408	2630.438
199409	2519.434
199410	2566.234
199411	2515.58
199412	2472.757
199501	2439.848
199502	2389.382
199503	2423.874
199504	2418.845
199505	2399.307
199506	2498.695
199507	2444.529
199508	2555.556
199509	2471.408
199510	2510.195
199511	2425.638
199512	2385.344
199601	2377.879
199602	2325.503
199603	2370.023
199604	2411.776
199605	2389.237
199606	2505.486
199607	2485.777
199608	2585.24
199609	2514.345
199610	2549.842
199611	2481.078
199612	2438.234
199701	2427.939
199702	2401.247
199703	2410.555
199704	2477.392
199705	2422.729
199706	2521.196
199707	2495.462
199708	2607.942
199709	2548.032
199710	2578.039
199711	2496.416
199712	2466.322
199801	2337.08
199802	2296.744
199803	2322.73
199804	2366.608
199805	2341.822
199806	2427.454
199807	2405.254
199808	2500.152
199809	2408.878
199810	2457.686
199811	2356.14
199812	2332.013
199901	2275.956
199902	2238.106
199903	2264.786
199904	2287.685
199905	2256.07
199906	2345.928
199907	2312.66
199908	2426.753
199909	2346.331
199910	2387.707
199911	2327.657
199912	2293.321
200001	2304.72
200002	2267.356
200003	2309.791
200004	2335.159
200005	2297.202
200006	2389.532
200007	2348.532
200008	2440.622
200009	2365.449
200010	2406.643
200011	2306.545
200012	2259.029
200101	2424.16
200102	2011.93
200103	2219.66
200104	2047.24
200105	1964.62
200106	2123.49
200107	2267.44
200108	2318.18
200109	2114.86
200110	2081.13
200111	2040.51
200112	2141.32
200201	2278.429
200202	1989.589
200203	2149.737
200204	2114.529
200205	2110.39
200206	2100.931
200207	2438.866
200208	2153.381
200209	2149.579
200210	2230.818
200211	2236.63
200212	2279.492
200301	2286.222
200302	2010.117
200303	2071.976
200304	1895.22
200305	2029.237
200306	1997.916
200307	2183.171
200308	2199.865
200309	1957.219
200310	2007.982
200311	1980.63
200312	2226.677
200401	2465.329
200402	2212.895
200403	2176.592
200404	2079.505
200405	2146.738
200406	2228.88
200407	2370.099
200408	2252.934
200409	2083.503
200410	2153.444
200411	2121.635
200412	2321.378
200501	2251.815
200502	2114.38
200503	2222.009
200504	2022.703
200505	1990.271
200506	2118.166
200507	2260.211
200508	2254.043
200509	2135.047
200510	2114.65
200511	2116.125
200512	2275.304
200601	2216.503
200602	2023.53
200603	2114.585
200604	2049.722
200605	2059.266
200606	2104.449
200607	2201.889
200608	2202.203
200609	2060.525
200610	2073.557
200611	2019.528
200612	2135.813
200701	2002.644
200702	1876.229
200703	1955.622
200704	1849.732
200705	1857.309
200706	1845.374
200707	1868.083
200708	1912.207
200709	1765.222
200710	1829.687
200711	1830.295
200712	1944.816
200801	1953.552
200802	1849.919
200803	1879.004
200804	1803.17
200805	1857.449
200806	1771.825
200807	1870.608
200808	1841.052
200809	1783.053
200810	1786.902
200811	1720.728
200812	1784.431
200901	1793.056
200902	1605.017
200903	1691.805
200904	1486.703
200905	1549.877
200906	1600.358
200907	1658.803
200908	1693.628
200909	1610.823
200910	1670.624
200911	1621.656
200912	1783.167
201001	2093.851
201002	1977.824
201003	2123.819
201004	2219.888
201005	2010.198
201006	1898.044
201007	2122.254
201008	2194.125
201009	1941.031
201010	1957.572
201011	1853.883
201012	2245.943
201101	2082.05
201102	1800.012
201103	1891.355
201104	1786.838
201105	1836.22
201106	1842.539
201107	1945.721
201108	1962.007
201109	1787.884
201110	1748.307
201111	1712.132
201112	1923.448
201201	2014.795
201202	1832.118
201203	1683.801
201204	1481.104
201205	1563.168
201206	1553.362
201207	1711.893
201208	1702.828
201209	1534.912
201210	1586.514
201211	1649.036
201212	1751.448
201301	1766.973
201302	1599.91
201303	1748.419
201304	1565.148
201305	1618.254
201306	1563.115
201307	1673.576
201308	1626.289
201309	1529.91
201310	1620.358
201311	1683.154
201312	1765.426
201401	1790.919
201402	1633.451
201403	1728.557
201404	1471.76
201405	1548.936
201406	1539.845
201407	1589.235
201408	1591.434
201409	1501.925
201410	1482.461
201411	1553.901
201412	1644.052
201501	1612.679
201502	1482.712
201503	1506.146
201504	1336.438
201505	1377.774
201506	1381.105
201507	1504.895
201508	1419.98
201509	1391.418
201510	1295.526
201511	1325.057
201512	1350.383
201601	1503.052
201602	1395.111
201603	1369.91
201604	1005.525
201605	1148.66
201606	1212.064
201607	1234.352
201608	1234.055
201609	1053.123
201610	992.665
201611	998.442
201612	1155.128
201701	1287.693
201702	1084.765
201703	1143.355
201704	1023.654
201705	1071.148
201706	1083.245
201707	1037.712
197301	6749
197302	6242
197303	5737
197304	5760
197305	5639
197306	5180
197307	4704
197308	4591
197309	4524
197310	5545
197311	6120
197312	7247
197401	6430
197402	6237
197403	5993
197404	5686
197405	5134
197406	4715
197407	4513
197408	4980
197409	4846
197410	5536
197411	5277
197412	5556
197501	5804
197502	6148
197503	6099
197504	5721
197505	5070
197506	4447
197507	4243
197508	4500
197509	4905
197510	4957
197511	5644
197512	6108
197601	5514
197602	4972
197603	5013
197604	5189
197605	5165
197606	4755
197607	4516
197608	4513
197609	4661
197610	5137
197611	5614
197612	6738
197701	5978
197702	5622
197703	5676
197704	5148
197705	4796
197706	4606
197707	4337
197708	4384
197709	4429
197710	5240
197711	5490
197712	5757
197801	5155
197802	4422
197803	4451
197804	5445
197805	5169
197806	4998
197807	4983
197808	4998
197809	5323
197810	5523
197811	5902
197812	6716
197901	6428
197902	5836
197903	5617
197904	5511
197905	5269
197906	5034
197907	5223
197908	5363
197909	5159
197910	5565
197911	5946
197912	6766
198001	5945
198002	5400
198003	5199
198004	5118
198005	4894
198006	4675
198007	4222
198008	4337
198009	4170
198010	4991
198011	5330
198012	6067
198101	6532
198102	5932
198103	5665
198104	5548
198105	5297
198106	4845
198107	5371
198108	5520
198109	5311
198110	5577
198111	5793
198112	6003
198201	6430
198202	5835
198203	5616
198204	5373
198205	5133
198206	4681
198207	4831
198208	4962
198209	4759
198210	5287
198211	5494
198212	5695
198301	5970
198302	5405
198303	5206
198304	5254
198305	5023
198306	4798
198307	5220
198308	5362
198309	5156
198310	5659
198311	6046
198312	6880
198401	6858.343
198402	6230.345
198403	5999.38
198404	6272.584
198405	5997.202
198406	5729.02
198407	5730.103
198408	5885.578
198409	5659.276
198410	5902.043
198411	6305.205
198412	7175.49
198501	6911.172
198502	6278.337
198503	6045.593
198504	6236.205
198505	5962.421
198506	5695.794
198507	5950.085
198508	6111.529
198509	5876.539
198510	6182.788
198511	6605.126
198512	7516.808
198601	7442.921
198602	6761.395
198603	6510.744
198604	6400.607
198605	6119.605
198606	5845.949
198607	5704.818
198608	5859.607
198609	5634.303
198610	5877.895
198611	6279.406
198612	7146.13
198701	6864.722
198702	6236.14
198703	6004.96
198704	6137.159
198705	5867.722
198706	5605.33
198707	5972.672
198708	6134.728
198709	5898.847
198710	6227.895
198711	6653.314
198712	7571.647
198801	6826.384
198802	6789.422
198803	6800.63
198804	5904.44
198805	5937.432
198806	5944.396
198807	5961.686
198808	5972.27
198809	5988.643
198810	6693.943
198811	6709.517
198812	6723.567
198901	4601.564
198902	4602.859
198903	4537.971
198904	4012.615
198905	4009.712
198906	3947.246
198907	3835.639
198908	3725.905
198909	3774.684
198910	4700.05
198911	4744.107
198912	4775.215
199001	4261.103
199002	4320.488
199003	4228.501
199004	3721.712
199005	3736.209
199006	3670.747
199007	3761.707
199008	3667.346
199009	3704.966
199010	4466.936
199011	4528.885
199012	4480.598
199101	4318.804
199102	4415.721
199103	4335.824
199104	3445.77
199105	3532.324
199106	3476.992
199107	3746.675
199108	3622.535
199109	3717.371
199110	4524.227
199111	4588.574
199112	4658.739
199201	4084.494
199202	4166.171
199203	4151.934
199204	3424.583
199205	3470.399
199206	3348.521
199207	3607.103
199208	3463.461
199209	3523.767
199210	4216.932
199211	4146.868
199212	4194.299
199301	4022.799
199302	4130.652
199303	4092.998
199304	3541.378
199305	3583.237
199306	3520.556
199307	3463.724
199308	3372.862
199309	3466.654
199310	4165.778
199311	4271.434
199312	4374.316
199401	4213.976
199402	4261.76
199403	4287.323
199404	3452.833
199405	3506.299
199406	3400.559
199407	3551.359
199408	3427.047
199409	3519.688
199410	3804.266
199411	3956.989
199412	4089.162
199501	3954.933
199502	3982.314
199503	3944.612
199504	3258.249
199505	3304.231
199506	3186.536
199507	3562.801
199508	3440.34
199509	3515.682
199510	3792.599
199511	3859.592
199512	3890.655
199601	3901.455
199602	3938.552
199603	3885.928
199604	3250.993
199605	3309.262
199606	3207.766
199607	3207.223
199608	3060.767
199609	3164.821
199610	3695.287
199611	3763.598
199612	3868.688
199701	3747.853
199702	3789.241
199703	3777.129
199704	4275.159
199705	2877.73
199706	2762.841
199707	3173.282
199708	3038.09
199709	3155.367
199710	3584.913
199711	3709.131
199712	3770.659
199801	3583.163
199802	3611.419
199803	3570.842
199804	3174.142
199805	3172.419
199806	3081.118
199807	2988.898
199808	2853.908
199809	2902.834
199810	3212.851
199811	3350.029
199812	3384.884
199901	3316.696
199902	3356.665
199903	3323.705
199904	2980.809
199905	3005.179
199906	2914.669
199907	2868.348
199908	2753.986
199909	2879.571
199910	3106.002
199911	3225.291
199912	3244.271
200001	3296.308
200002	3358.653
200003	3332.004
200004	2802.169
200005	2842.431
200006	2761.435
200007	2906.981
200008	2828.829
200009	2922.982
200010	3344.474
200011	3414.614
200012	3366.478
200101	3381.095
200102	3801.529
200103	3517.182
200104	3245.661
200105	3327.416
200106	3123.498
200107	3117.242
200108	3020.837
200109	3204.424
200110	3307.343
200111	3314.476
200112	3153.138
200201	2945.976
200202	3240.358
200203	3097.006
200204	2720.514
200205	2749.994
200206	2785.047
200207	2447.948
200208	2739.323
200209	2745.331
200210	3040.95
200211	3016.262
200212	2985.827
200301	2919.491
200302	3182.152
200303	3129.913
200304	3007.301
200305	2865.799
200306	2911.216
200307	2801.518
200308	2780.074
200309	3029.227
200310	3277.067
200311	3389.016
200312	3122.344
200401	2977.801
200402	3261.68
200403	3318.795
200404	2858.157
200405	2815.593
200406	2732.446
200407	2593.612
200408	2720.134
200409	2857.889
200410	3193.556
200411	3223.957
200412	3028.117
200501	2936.666
200502	3087.501
200503	2967.523
200504	2767.834
200505	2856.313
200506	2679.369
200507	2656.487
200508	2651.887
200509	2703.165
200510	3045.176
200511	3120.839
200512	2992.289
200601	2865.997
200602	3022.713
200603	2945.123
200604	2742.198
200605	2734.686
200606	2709.537
200607	2670.535
200608	2675.203
200609	2815.399
200610	3031.381
200611	3048.167
200612	2949.493
200701	2861.128
200702	2978.399
200703	2903.549
200704	2832.34
200705	2826.858
200706	2862.123
200707	2720.535
200708	2656.723
200709	2802.601
200710	2919.347
200711	2915.217
200712	2799.082
200801	2746.242
200802	2810.661
200803	2797.039
200804	2811.542
200805	2751.274
200806	2828.338
200807	2658.927
200808	2679.819
200809	2705.725
200810	2675.973
200811	2616.275
200812	2409.351
200901	2225.373
200902	2470.117
200903	2289.304
200904	2035.597
200905	1967.1
200906	1902.744
200907	1991.212
200908	2016.644
200909	2135.937
200910	2170.146
200911	2256.708
200912	2088.097
201001	2084.224
201002	2214.965
201003	2105.812
201004	1749.198
201005	1975.211
201006	2061.237
201007	1943.847
201008	1909.111
201009	2174.067
201010	2178.074
201011	2296.949
201012	1957.423
201101	2089.693
201102	2345.065
201103	2281.171
201104	1901.782
201105	1835.699
201106	1833.324
201107	1772.259
201108	1753.41
201109	1947.061
201110	2088.118
201111	2109.786
201112	1961.647
201201	1726.219
201202	1920.927
201203	2020.215
201204	1909.666
201205	1806.606
201206	1811.277
201207	1780.961
201208	1779.86
201209	1959.967
201210	2045.077
201211	2029.662
201212	1982.166
201301	1920.861
201302	2099.295
201303	1922.011
201304	1864.668
201305	1818.809
201306	1870.913
201307	1783.701
201308	1834.727
201309	1919.693
201310	2147.629
201311	2080.853
201312	2031.246
201401	1900.851
201402	2100.999
201403	2026.715
201404	2010.701
201405	1915.038
201406	1927.561
201407	1875.766
201408	1884.67
201409	1982.425
201410	2130.796
201411	2091.235
201412	2022.872
201501	1852.153
201502	1977.25
201503	1961.747
201504	1779.597
201505	1716.855
201506	1719.54
201507	1588.052
201508	1672.753
201509	1695.764
201510	1865.494
201511	1840.902
201512	1804.563
201601	1542.5
201602	1638.917
201603	1671.852
201604	1806.251
201605	1671.171
201606	1594.031
201607	1587.903
201608	1574.421
201609	1759.022
201610	1885.176
201611	1893.67
201612	1734.135
201701	1525.647
201702	1738.93
201703	1662.579
201704	1676.963
201705	1635.023
201706	1631.183
201707	1518.107
197301	6749
197302	6242
197303	5737
197304	5760
197305	5639
197306	5180
197307	4704
197308	4591
197309	4524
197310	5545
197311	6120
197312	7247
197401	6430
197402	6237
197403	5993
197404	5686
197405	5134
197406	4715
197407	4513
197408	4980
197409	4846
197410	5536
197411	5277
197412	5556
197501	5804
197502	6148
197503	6099
197504	5721
197505	5070
197506	4447
197507	4243
197508	4500
197509	4905
197510	4957
197511	5644
197512	6108
197601	5514
197602	4972
197603	5013
197604	5189
197605	5165
197606	4755
197607	4516
197608	4513
197609	4661
197610	5137
197611	5614
197612	6738
197701	5978
197702	5622
197703	5676
197704	5148
197705	4796
197706	4606
197707	4337
197708	4384
197709	4429
197710	5240
197711	5490
197712	5757
197801	5155
197802	4422
197803	4451
197804	5445
197805	5169
197806	4998
197807	4983
197808	4998
197809	5323
197810	5523
197811	5902
197812	6716
197901	6428
197902	5836
197903	5617
197904	5511
197905	5269
197906	5034
197907	5223
197908	5363
197909	5159
197910	5565
197911	5946
197912	6766
198001	5945
198002	5400
198003	5199
198004	5118
198005	4894
198006	4675
198007	4222
198008	4337
198009	4170
198010	4991
198011	5330
198012	6067
198101	6532
198102	5932
198103	5665
198104	5548
198105	5297
198106	4845
198107	5371
198108	5520
198109	5311
198110	5577
198111	5793
198112	6003
198201	6430
198202	5835
198203	5616
198204	5373
198205	5133
198206	4681
198207	4831
198208	4962
198209	4759
198210	5287
198211	5494
198212	5695
198301	5970
198302	5405
198303	5206
198304	5254
198305	5023
198306	4798
198307	5220
198308	5362
198309	5156
198310	5659
198311	6046
198312	6880
198401	6858.343
198402	6230.345
198403	5999.38
198404	6272.584
198405	5997.202
198406	5729.02
198407	5730.103
198408	5885.578
198409	5659.276
198410	5902.043
198411	6305.205
198412	7175.49
198501	6911.172
198502	6278.337
198503	6045.593
198504	6236.205
198505	5962.421
198506	5695.794
198507	5950.085
198508	6111.529
198509	5876.539
198510	6182.788
198511	6605.126
198512	7516.808
198601	7442.921
198602	6761.395
198603	6510.744
198604	6400.607
198605	6119.605
198606	5845.949
198607	5704.818
198608	5859.607
198609	5634.303
198610	5877.895
198611	6279.406
198612	7146.13
198701	6864.722
198702	6236.14
198703	6004.96
198704	6137.159
198705	5867.722
198706	5605.33
198707	5972.672
198708	6134.728
198709	5898.847
198710	6227.895
198711	6653.314
198712	7571.647
198801	6826.384
198802	6789.422
198803	6800.63
198804	5904.44
198805	5937.432
198806	5944.396
198807	5961.686
198808	5972.27
198809	5988.643
198810	6693.943
198811	6709.517
198812	6723.567
198901	6671.162
198902	6618.626
198903	6594.922
198904	6087.637
198905	6050.042
198906	6073.355
198907	5874.868
198908	5890.611
198909	5865.11
198910	6829.407
198911	6815.09
198912	6763.548
199001	6532.763
199002	6575.851
199003	6503.526
199004	6025.171
199005	6006.59
199006	6037.087
199007	6074.63
199008	6113.225
199009	6056.47
199010	6853.242
199011	6838.16
199012	6713.433
199101	6541.146
199102	6584.375
199103	6492.416
199104	5663.217
199105	5712.909
199106	5763.296
199107	6014.154
199108	6010.751
199109	6026.462
199110	6880.133
199111	6851.572
199112	6864.505
199201	6379.406
199202	6416.358
199203	6463.94
199204	5753.769
199205	5761.883
199206	5768.573
199207	5982.567
199208	5932.709
199209	5927.381
199210	6645.171
199211	6512.882
199212	6497.482
199301	6380.43
199302	6450.707
199303	6450.33
199304	5931.082
199305	5925.27
199306	5977.615
199307	5876.158
199308	5892.125
199309	5906.693
199310	6647.343
199311	6697.459
199312	6756.786
199401	6597.941
199402	6609.706
199403	6703.41
199404	5880.002
199405	5931.483
199406	5927.668
199407	6026.886
199408	6057.485
199409	6039.122
199410	6370.5
199411	6472.569
199412	6561.919
199501	6394.781
199502	6371.696
199503	6368.486
199504	5677.094
199505	5703.538
199506	5685.231
199507	6007.33
199508	5995.896
199509	5987.09
199510	6302.794
199511	6285.23
199512	6275.999
199601	6279.334
199602	6264.055
199603	6255.951
199604	5662.769
199605	5698.499
199606	5713.252
199607	5693
199608	5646.007
199609	5679.166
199610	6245.129
199611	6244.676
199612	6306.922
199701	6175.792
199702	6190.488
199703	6187.684
199704	6752.551
199705	5300.459
199706	5284.037
199707	5668.744
199708	5646.032
199709	5703.399
199710	6162.952
199711	6205.547
199712	6236.981
199801	5920.243
199802	5908.163
199803	5893.572
199804	5540.75
199805	5514.241
199806	5508.572
199807	5394.152
199808	5354.06
199809	5311.712
199810	5670.537
199811	5706.169
199812	5716.897
199901	5592.652
199902	5594.771
199903	5588.491
199904	5268.494
199905	5261.249
199906	5260.597
199907	5181.008
199908	5180.739
199909	5225.902
199910	5493.709
199911	5552.948
199912	5537.592
200001	5601.028
200002	5626.009
200003	5641.795
200004	5137.328
200005	5139.633
200006	5150.967
200007	5255.513
200008	5269.451
200009	5288.431
200010	5751.117
200011	5721.159
200012	5625.507
200101	5805.255
200102	5813.459
200103	5736.842
200104	5292.901
200105	5292.036
200106	5246.988
200107	5384.682
200108	5339.017
200109	5319.284
200110	5388.473
200111	5354.986
200112	5294.458
200201	5224.405
200202	5229.947
200203	5246.743
200204	4835.043
200205	4860.384
200206	4885.978
200207	4886.814
200208	4892.704
200209	4894.91
200210	5271.768
200211	5252.892
200212	5265.319
200301	5205.713
200302	5192.269
200303	5201.889
200304	4902.521
200305	4895.036
200306	4909.132
200307	4984.689
200308	4979.939
200309	4986.446
200310	5285.049
200311	5369.646
200312	5349.021
200401	5443.13
200402	5474.575
200403	5495.387
200404	4937.662
200405	4962.331
200406	4961.326
200407	4963.711
200408	4973.068
200409	4941.392
200410	5347
200411	5345.592
200412	5349.495
200501	5188.481
200502	5201.881
200503	5189.531
200504	4790.537
200505	4846.584
200506	4797.535
200507	4916.698
200508	4905.93
200509	4838.212
200510	5159.826
200511	5236.964
200512	5267.593
200601	5082.5
200602	5046.243
200603	5059.708
200604	4791.92
200605	4793.952
200606	4813.986
200607	4872.424
200608	4877.406
200609	4875.924
200610	5104.938
200611	5067.695
200612	5085.306
200701	4863.772
200702	4854.628
200703	4859.171
200704	4682.072
200705	4684.167
200706	4707.497
200707	4588.618
200708	4568.93
200709	4567.823
200710	4749.034
200711	4745.512
200712	4743.898
200801	4699.794
200802	4660.58
200803	4676.043
200804	4614.712
200805	4608.723
200806	4600.163
200807	4529.535
200808	4520.871
200809	4488.778
200810	4462.875
200811	4337.003
200812	4193.782
200901	4018.429
200902	4075.134
200903	3981.109
200904	3522.3
200905	3516.977
200906	3503.102
200907	3650.015
200908	3710.272
200909	3746.76
200910	3840.77
200911	3878.364
200912	3871.264
201001	4178.075
201002	4192.789
201003	4229.631
201004	3969.086
201005	3985.409
201006	3959.281
201007	4066.101
201008	4103.236
201009	4115.098
201010	4135.646
201011	4150.832
201012	4203.366
201101	4171.743
201102	4145.077
201103	4172.526
201104	3688.62
201105	3671.919
201106	3675.863
201107	3717.98
201108	3715.417
201109	3734.945
201110	3836.425
201111	3821.918
201112	3885.095
201201	3741.014
201202	3753.045
201203	3704.016
201204	3390.77
201205	3369.774
201206	3364.639
201207	3492.854
201208	3482.688
201209	3494.879
201210	3631.591
201211	3678.698
201212	3733.614
201301	3687.834
201302	3699.205
201303	3670.43
201304	3429.816
201305	3437.063
201306	3434.028
201307	3457.277
201308	3461.016
201309	3449.603
201310	3767.987
201311	3764.007
201312	3796.672
201401	3691.77
201402	3734.45
201403	3755.272
201404	3482.461
201405	3463.974
201406	3467.406
201407	3465.001
201408	3476.104
201409	3484.35
201410	3613.257
201411	3645.136
201412	3666.924
201501	3464.832
201502	3459.962
201503	3467.893
201504	3116.035
201505	3094.629
201506	3100.645
201507	3092.947
201508	3092.733
201509	3087.182
201510	3161.02
201511	3165.959
201512	3154.946
201601	3045.552
201602	3034.028
201603	3041.762
201604	2811.776
201605	2819.831
201606	2806.095
201607	2822.255
201608	2808.476
201609	2812.145
201610	2877.841
201611	2892.112
201612	2889.263
201701	2813.34
201702	2823.695
201703	2805.934
201704	2700.617
201705	2706.171
201706	2714.428
201707	2555.819
197301	14614
197302	13462
197303	13729
197304	13523
197305	13725
197306	12995
197307	12704
197308	12523
197309	12163
197310	13466
197311	13899
197312	15336
197401	14448
197402	13580
197403	13692
197404	13493
197405	13075
197406	12431
197407	12317
197408	12737
197409	12414
197410	13283
197411	11893
197412	11731
197501	13137
197502	13208
197503	14010
197504	13175
197505	12377
197506	11469
197507	10907
197508	11090
197509	11218
197510	11645
197511	12156
197512	12852
197601	12274
197602	11605
197603	12309
197604	12300
197605	12592
197606	11941
197607	11816
197608	11583
197609	11601
197610	12209
197611	12548
197612	13713
197701	12400
197702	11895
197703	12752
197704	11975
197705	11820
197706	11447
197707	11043
197708	10564
197709	10315
197710	11586
197711	11551
197712	11854
197801	10580
197802	8604
197803	8465
197804	10974
197805	11593
197806	11397
197807	11535
197808	11458
197809	11740
197810	12229
197811	12425
197812	13479
197901	13006
197902	11790
197903	12467
197904	12069
197905	11994
197906	11504
197907	11736
197908	11780
197909	11493
197910	11969
197911	12084
197912	13193
198001	12284
198002	11410
198003	11628
198004	11365
198005	11021
198006	10001
198007	9125
198008	9215
198009	8964
198010	10098
198011	10482
198012	11410
198101	11997
198102	11109
198103	11197
198104	10410
198105	9556
198106	9305
198107	10820
198108	10954
198109	10651
198110	10735
198111	10830
198112	10845
198201	10874
198202	10175
198203	9789
198204	9081
198205	8755
198206	8162
198207	7952
198208	8020
198209	7683
198210	8044
198211	8187
198212	8282
198301	8783
198302	8147
198303	7773
198304	8460
198305	8174
198306	7532
198307	8489
198308	8614
198309	8352
198310	8966
198311	9381
198312	10341
198401	10649.37
198402	9822.671
198403	9842.046
198404	10452.288
198405	10097.551
198406	9292.842
198407	9368.68
198408	9505.768
198409	9216.732
198410	9219.575
198411	9651.117
198412	10648.103
198501	10374.63
198502	9560.264
198503	9556.229
198504	10087.287
198505	9740.388
198506	8979.417
198507	9387.257
198508	9531.331
198509	9237.079
198510	9347.806
198511	9797.22
198512	10829.778
198601	10946.098
198602	9991.308
198603	10083.077
198604	10002.388
198605	9653.004
198606	8917.005
198607	8296.299
198608	8437.992
198609	8168.008
198610	8401.135
198611	8824.231
198612	9787.321
198701	9509.233
198702	8742.043
198703	8685.492
198704	9434.78
198705	9102.735
198706	8417.044
198707	9238.144
198708	9383.698
198709	9091.516
198710	9525.374
198711	9979.001
198712	11023.27
198801	10291.476
198802	10086.349
198803	10396.106
198804	9408.852
198805	9619.139
198806	9293.846
198807	9566.226
198808	9390.021
198809	9448.852
198810	10240.913
198811	10109.767
198812	10288.664
198901	10111.866
198902	9796.606
198903	10184.323
198904	9652.07
198905	9527.941
198906	9396.153
198907	9341.511
198908	9169.354
198909	9127.686
198910	10368.884
198911	10061.404
198912	9905.035
199001	9988.738
199002	9692.841
199003	9974.894
199004	9252.094
199005	9371.971
199006	9239.632
199007	9193.846
199008	9349.204
199009	9176.915
199010	10172.121
199011	10061.596
199012	9733.201
199101	9469.635
199102	9063.125
199103	9375.789
199104	8338.159
199105	8422.909
199106	8453.497
199107	8943.073
199108	8926.322
199109	8958.926
199110	9781.921
199111	9747.697
199112	9777.572
199201	9162.583
199202	9072.231
199203	9364.757
199204	8476.314
199205	8518.873
199206	8385.935
199207	8784.376
199208	8705.749
199209	8552.763
199210	9231.609
199211	9074.77
199212	9078.453
199301	9054.631
199302	8918.631
199303	9090.825
199304	8509.564
199305	8643.921
199306	8566.096
199307	8554.019
199308	8556.454
199309	8524.852
199310	9307.826
199311	9144.431
199312	9343.598
199401	9216.513
199402	9091.03
199403	9357.651
199404	8511.835
199405	8673.597
199406	8518.383
199407	8699.587
199408	8716.68
199409	8652.236
199410	9013.965
199411	9138.649
199412	9328.956
199501	9153.105
199502	8920.315
199503	9201.277
199504	8445.711
199505	8523.953
199506	8387.242
199507	8748.091
199508	8792.761
199509	8779.272
199510	9017.575
199511	9055.582
199512	9041.713
199601	8993.776
199602	8787.075
199603	8976.576
199604	8273.58
199605	8367.385
199606	8398.883
199607	8401.289
199608	8322.005
199609	8310.605
199610	8817.5
199611	8764.113
199612	8981.733
199701	8691.087
199702	8584.119
199703	8869.078
199704	9178.499
199705	7848.651
199706	7719.776
199707	8258.963
199708	8223.162
199709	8235.87
199710	8622.418
199711	8727.305
199712	8758.739
199801	8265.555
199802	8005.236
199803	8186.195
199804	7997.15
199805	8022.106
199806	7783.461
199807	7797.507
199808	7807.013
199809	7627.763
199810	8124.599
199811	7913.638
199812	8097.424
199901	7879.178
199902	7716.679
199903	7975.094
199904	7764.309
199905	7709.68
199906	7388.652
199907	7543.993
199908	7531.783
199909	7536.204
199910	7882.367
199911	7904.684
199912	8013.405
200001	8073.594
200002	7968.98
200003	8148.041
200004	7636.758
200005	7687.177
200006	7549.485
200007	7739.235
200008	7697.88
200009	7671.183
200010	8001.992
200011	7991.289
200012	7981.601
200101	7981.484
200102	7958.195
200103	8202.346
200104	7612.81
200105	7628.865
200106	7514.667
200107	7590.945
200108	7587.911
200109	7464.064
200110	7591.617
200111	7200.88
200112	7009.726
200201	7084.956
200202	6993.119
200203	7163.998
200204	6766.556
200205	6855.651
200206	6795.725
200207	6859.62
200208	6946.865
200209	6936.22
200210	7457.909
200211	7267.894
200212	7274.264
200301	7147.09
200302	7150.305
200303	7306.574
200304	6949.766
200305	6858.574
200306	6968.383
200307	7064.071
200308	6986.631
200309	7010.072
200310	7286.372
200311	7345.358
200312	7435.805
200401	7438.761
200402	7303.546
200403	7575.33
200404	6960.678
200405	6936.285
200406	6895.121
200407	6881.94
200408	6969.203
200409	6920.134
200410	7348.652
200411	7282.898
200412	7352.213
200501	7053.724
200502	6980.082
200503	7130.635
200504	6998.614
200505	6777.934
200506	6705.421
200507	6798.293
200508	6924.42
200509	6947.176
200510	7167.127
200511	7068.477
200512	7222.045
200601	6961.057
200602	6876.051
200603	7065.047
200604	6653.586
200605	6761.609
200606	6752.882
200607	6805.867
200608	6788.083
200609	6814.8
200610	7199.12
200611	6932.952
200612	6818.132
200701	6681.93
200702	6584.85
200703	6886.538
200704	6547.13
200705	6633.882
200706	6628.627
200707	6501.276
200708	6452.13
200709	6450.258
200710	6706.172
200711	6556.008
200712	6701.774
200801	6533.885
200802	6452.406
200803	6585.987
200804	6478.275
200805	6520
200806	6405.525
200807	6444.745
200808	6554.727
200809	6306.981
200810	6670.934
200811	5962.549
200812	5546.522
200901	5408.675
200902	5524.001
200903	5540.06
200904	4672.67
200905	4635.183
200906	4636.686
200907	4681.815
200908	4878.481
200909	4996.619
200910	5271.935
200911	5152.628
200912	5241.976
201001	5649.825
201002	5777.097
201003	6030.309
201004	5755.418
201005	5779.341
201006	5731.532
201007	5849.146
201008	5917.205
201009	6009.501
201010	5866.313
201011	5938.106
201012	6076.91
201101	5917.485
201102	5768.548
201103	5991.224
201104	5356.759
201105	5549.55
201106	5521.85
201107	5387.877
201108	5578.083
201109	5609.273
201110	5620.816
201111	5594.265
201112	5775.694
201201	5441.815
201202	5440.018
201203	5599.197
201204	5173.386
201205	5226.328
201206	5021.499
201207	5168.896
201208	5298.619
201209	5047.231
201210	5278.774
201211	5393.231
201212	5499.96
201301	5513.172
201302	5343.69
201303	5480.657
201304	5246.404
201305	5304.918
201306	5220.806
201307	5213.658
201308	5297.298
201309	5285.885
201310	5575.185
201311	5500.535
201312	5546.7
201401	5313.174
201402	5293.737
201403	5460.093
201404	5142.325
201405	5207.103
201406	5238.085
201407	5389.788
201408	5388.813
201409	5282.975
201410	5430.923
201411	5495.342
201412	5600.382
201501	5373.318
201502	5058.438
201503	5117.343
201504	4659.456
201505	4771.849
201506	4866.92
201507	4893.679
201508	4803.69
201509	4605.973
201510	4747.011
201511	4645.29
201512	4624.213
201601	4374.035
201602	4395.473
201603	4475.419
201604	4135.807
201605	4186.701
201606	4210.913
201607	4254.795
201608	4203.154
201609	4147.944
201610	4212.511
201611	4218.08
201612	4331.012
201701	4243.985
201702	4191.422
201703	4243.603
201704	4141.427
201705	4188.657
201706	4116.092
201707	4023.985
197301	0
197302	0
197303	2
197304	13
197305	17
197306	15
197307	13
197308	14
197309	12
197310	12
197311	11
197312	7
197401	0
197402	0
197403	3
197404	10
197405	8
197406	6
197407	7
197408	9
197409	9
197410	8
197411	15
197412	5
197501	1
197502	1
197503	0
197504	3
197505	4
197506	3
197507	2
197508	2
197509	2
197510	3
197511	2
197512	1
197601	0
197602	0
197603	0
197604	1
197605	2
197606	1
197607	1
197608	1
197609	2
197610	2
197611	1
197612	1
197701	0
197702	0
197703	0
197704	1
197705	1
197706	2
197707	1
197708	1
197709	1
197710	1
197711	1
197712	0
197801	0
197802	0
197803	0
197804	0
197805	0
197806	0
197807	0
197808	0
197809	0
197810	0
197811	0
197812	0
197901	0
197902	0
197903	0
197904	0
197905	0
197906	0
197907	0
197908	0
197909	0
197910	0
197911	0
197912	0
198001	0
198002	0
198003	0
198004	0
198005	0
198006	0
198007	0
198008	0
198009	0
198010	0
198011	0
198012	0
198101	0
198102	0
198103	0
198104	0
198105	0
198106	0
198107	0
198108	0
198109	0
198110	0
198111	0
198112	0
198201	0
198202	0
198203	0
198204	0
198205	0
198206	0
198207	0
198208	0
198209	0
198210	0
198211	0
198212	0
198301	0
198302	0
198303	0
198304	0
198305	0
198306	0
198307	0
198308	0
198309	0
198310	0
198311	0
198312	0
198401	0
198402	0
198403	0
198404	0
198405	0
198406	0
198407	0
198408	0
198409	0
198410	0
198411	0
198412	0
198501	0
198502	0
198503	0
198504	0
198505	0
198506	0
198507	0
198508	0
198509	0
198510	0
198511	0
198512	0
198601	0
198602	0
198603	0
198604	0
198605	0
198606	0
198607	0
198608	0
198609	0
198610	0
198611	0
198612	0
198701	0
198702	0
198703	0
198704	0
198705	0
198706	0
198707	0
198708	0
198709	0
198710	0
198711	0
198712	0
198801	0
198802	0
198803	0
198804	0
198805	0
198806	0
198807	0
198808	0
198809	0
198810	0
198811	0
198812	0
198901	0
198902	0
198903	0
198904	0
198905	0
198906	0
198907	0
198908	0
198909	0
198910	0
198911	0
198912	0
199001	0
199002	0
199003	0
199004	0
199005	0
199006	0
199007	0
199008	0
199009	0
199010	0
199011	0
199012	0
199101	0
199102	0
199103	0
199104	0
199105	0
199106	0
199107	0
199108	0
199109	0
199110	0
199111	0
199112	0
199201	0
199202	0
199203	0
199204	0
199205	0
199206	0
199207	0
199208	0
199209	0
199210	0
199211	0
199212	0
199301	0
199302	0
199303	0
199304	0
199305	0
199306	0
199307	0
199308	0
199309	0
199310	0
199311	0
199312	0
199401	0
199402	0
199403	0
199404	0
199405	0
199406	0
199407	0
199408	0
199409	0
199410	0
199411	0
199412	0
199501	0
199502	0
199503	0
199504	0
199505	0
199506	0
199507	0
199508	0
199509	0
199510	0
199511	0
199512	0
199601	0
199602	0
199603	0
199604	0
199605	0
199606	0
199607	0
199608	0
199609	0
199610	0
199611	0
199612	0
199701	0
199702	0
199703	0
199704	0
199705	0
199706	0
199707	0
199708	0
199709	0
199710	0
199711	0
199712	0
199801	0
199802	0
199803	0
199804	0
199805	0
199806	0
199807	0
199808	0
199809	0
199810	0
199811	0
199812	0
199901	0
199902	0
199903	0
199904	0
199905	0
199906	0
199907	0
199908	0
199909	0
199910	0
199911	0
199912	0
200001	0
200002	0
200003	0
200004	0
200005	0
200006	0
200007	0
200008	0
200009	0
200010	0
200011	0
200012	0
200101	0
200102	0
200103	0
200104	0
200105	0
200106	0
200107	0
200108	0
200109	0
200110	0
200111	0
200112	0
200201	0
200202	0
200203	0
200204	0
200205	0
200206	0
200207	0
200208	0
200209	0
200210	0
200211	0
200212	0
200301	0
200302	0
200303	0
200304	0
200305	0
200306	0
200307	0
200308	0
200309	0
200310	0
200311	0
200312	0
200401	0
200402	0
200403	0
200404	0
200405	0
200406	0
200407	0
200408	0
200409	0
200410	0
200411	0
200412	0
200501	0
200502	0
200503	0
200504	0
200505	0
200506	0
200507	0
200508	0
200509	0
200510	0
200511	0
200512	0
200601	0
200602	0
200603	0
200604	0
200605	0
200606	0
200607	0
200608	0
200609	0
200610	0
200611	0
200612	0
200701	0
200702	0
200703	0
200704	0
200705	0
200706	0
200707	0
200708	0
200709	0
200710	0
200711	0
200712	0
200801	0
200802	0
200803	0
200804	0
200805	0
200806	0
200807	0
200808	0
200809	0
200810	0
200811	0
200812	0
200901	0
200902	0
200903	0
200904	0
200905	0
200906	0
200907	0
200908	0
200909	0
200910	0
200911	0
200912	0
201001	0
201002	0
201003	0
201004	0
201005	0
201006	0
201007	0
201008	0
201009	0
201010	0
201011	0
201012	0
201101	0
201102	0
201103	0
201104	0
201105	0
201106	0
201107	0
201108	0
201109	0
201110	0
201111	0
201112	0
201201	0
201202	0
201203	0
201204	0
201205	0
201206	0
201207	0
201208	0
201209	0
201210	0
201211	0
201212	0
201301	0
201302	0
201303	0
201304	0
201305	0
201306	0
201307	0
201308	0
201309	0
201310	0
201311	0
201312	0
201401	0
201402	0
201403	0
201404	0
201405	0
201406	0
201407	0
201408	0
201409	0
201410	0
201411	0
201412	0
201501	0
201502	0
201503	0
201504	0
201505	0
201506	0
201507	0
201508	0
201509	0
201510	0
201511	0
201512	0
201601	0
201602	0
201603	0
201604	0
201605	0
201606	0
201607	0
201608	0
201609	0
201610	0
201611	0
201612	0
201701	0
201702	0
201703	0
201704	0
201705	0
201706	0
201707	0
197301	34556.608
197302	30896.808
197303	30724.955
197304	29170.498
197305	29628.759
197306	31901.675
197307	34820.561
197308	36045.285
197309	32792.659
197310	32443.211
197311	32133.008
197312	34097.576
197401	34546.945
197402	30815.417
197403	31593.743
197404	29647.422
197405	31676.372
197406	31699.986
197407	36088.579
197408	35531.108
197409	30958.435
197410	32034.019
197411	32119.598
197412	35099.176
197501	35832.501
197502	32091.315
197503	32789.104
197504	30543.039
197505	30570.793
197506	33450.798
197507	36559.815
197508	37961.932
197509	32603.458
197510	32847.755
197511	33327.362
197512	37384.56
197601	39980.648
197602	34959.411
197603	36092.888
197604	33800.91
197605	33939.843
197606	36375.782
197607	39835.088
197608	40324.319
197609	35890.319
197610	36774.081
197611	38829.559
197612	41568.126
197701	43250.004
197702	37660.088
197703	37238.279
197704	34038.909
197705	37151.007
197706	40139.032
197707	44961.666
197708	44157.685
197709	40155.399
197710	38367.183
197711	38708.702
197712	41298.009
197801	42708.646
197802	35833.034
197803	34004.532
197804	34617.566
197805	37199.423
197806	40794.014
197807	44118.329
197808	46039.96
197809	42646.081
197810	39852.851
197811	39751.041
197812	43669.35
197901	46901.502
197902	41891.492
197903	41781.257
197904	38979.296
197905	41531.803
197906	44008.087
197907	48216.408
197908	48549.13
197909	42167.414
197910	42970.038
197911	42979.923
197912	47074.898
198001	50370.541
198002	47512.382
198003	46684.915
198004	40692.272
198005	41463.635
198006	45820.609
198007	53655.139
198008	53213.874
198009	47913.317
198010	45092.124
198011	45697.927
198012	51157
198101	54688.052
198102	47913.769
198103	48398.199
198104	43677.223
198105	44999.481
198106	50079.734
198107	56144.25
198108	54482.822
198109	48482.63
198110	47800.454
198111	47013.803
198112	53116.416
198201	56825.483
198202	48877.588
198203	47884.142
198204	43490.175
198205	45621.623
198206	47424.139
198207	55247.555
198208	54837.954
198209	48414.354
198210	46329.85
198211	47798.988
198212	50913.793
198301	53351.495
198302	45772.366
198303	47109.54
198304	43588.608
198305	45690.79
198306	50337.923
198307	60390.025
198308	63766.735
198309	54212.246
198310	50689.06
198311	51185.201
198312	59117.323
198401	60224.697
198402	52257.381
198403	54533.663
198404	47564.774
198405	49507.304
198406	56970.893
198407	60358.747
198408	63395.512
198409	54044.627
198410	54752.533
198411	54229.361
198412	56559.593
198501	63644.544
198502	55490.69
198503	54783.606
198504	50902.514
198505	54595.222
198506	57634.457
198507	64251.963
198508	63076.25
198509	56779.92
198510	54968.992
198511	54310.975
198512	63401.633
198601	64033.786
198602	55050.301
198603	53898.149
198604	48113.827
198605	51420.081
198606	58891.814
198607	68021.322
198608	61708.842
198609	56535.799
198610	54115.982
198611	54157.619
198612	59108.26
198701	62414.333
198702	53715.269
198703	54647.253
198704	51434.622
198705	56483.958
198706	63499.704
198707	70736.229
198708	70074.75
198709	59259.45
198710	57117.181
198711	55960.83
198712	62550.575
198801	67849.51
198802	61401.119
198803	58758.029
198804	54135.212
198805	56529.416
198806	65342.55
198807	71749.021
198808	75252.573
198809	61540.128
198810	59561.478
198811	59304.53
198812	66948.036
198901	67228.28
198902	63217.812
198903	62433.625
198904	56531.617
198905	58931.94
198906	64075.021
198907	70202.402
198908	70980.652
198909	63344.537
198910	60979.963
198911	61427.784
198912	72836.108
199001	67215.82
199002	58789.864
199003	61594.364
199004	58612.605
199005	59950.882
199006	66101.744
199007	72385.448
199008	73958.6
199009	67781.849
199010	65131.156
199011	61752.73
199012	69291.584
199101	72478.883
199102	59494.963
199103	60162.379
199104	56275.846
199105	62148.16
199106	66806.158
199107	72931.531
199108	72964.173
199109	65365.133
199110	62813.178
199111	64772.719
199112	67660.919
199201	69597.65
199202	61358.164
199203	63929.454
199204	59942.506
199205	61774.175
199206	65374.542
199207	75257.335
199208	72016.95
199209	67255.388
199210	64032.919
199211	63834.86
199212	70719.722
199301	70946.976
199302	65234.841
199303	68568.167
199304	60925.037
199305	61370.027
199306	69636.898
199307	80472.029
199308	79669.815
199309	67975.115
199310	66388.777
199311	67141.649
199312	73315.851
199401	78331.61
199402	67143.732
199403	67803.575
199404	61589.071
199405	64711.82
199406	75016.265
199407	78462.334
199408	77634.647
199409	68159.194
199410	66109.938
199411	63473.01
199412	69919.001
199501	73259.542
199502	65414.97
199503	65196.707
199504	60623.008
199505	64258.966
199506	71117.409
199507	81728.082
199508	85863.832
199509	70381.059
199510	68024.111
199511	68905.136
199512	75457.653
199601	78777.002
199602	70859.817
199603	70816.612
199604	63918.646
199605	69103.196
199606	75355.197
199607	82371.987
199608	83425.586
199609	73750.925
199610	73394.604
199611	75400.672
199612	79746.349
199701	83184.456
199702	69663.747
199703	71007.697
199704	66819.081
199705	69998.006
199706	75688.383
199707	86703.654
199708	84558.824
199709	78112.916
199710	78010.454
199711	75073.558
199712	82542.823
199801	81767.724
199802	71050.036
199803	73847.708
199804	68352.903
199805	74926.692
199806	81249.912
199807	89653.694
199808	89525.904
199809	80285.571
199810	75482.608
199811	71416
199812	79060.547
199901	82689.434
199902	70748.495
199903	74380.082
199904	70452.741
199905	74237.685
199906	80635.108
199907	91929.319
199908	89001.818
199909	79352.799
199910	75586.137
199911	72805.217
199912	79102.923
200001	88436.821
200002	79663.436
200003	77923.13
200004	70223.934
200005	77352.57
200006	84789.343
200007	88392.646
200008	91798.783
200009	81134.971
200010	80114.158
200011	79287.487
200012	86703.567
200101	88394.988
200102	75401.218
200103	77919.041
200104	70384.29
200105	76740.905
200106	82245.716
200107	91241.806
200108	93188.647
200109	79019.788
200110	75634.991
200111	73430.962
200112	80830.583
200201	82424.005
200202	72144.492
200203	75822.988
200204	71560.399
200205	76527.714
200206	83564.817
200207	92766.288
200208	91752.488
200209	84144.013
200210	80714.422
200211	79301.203
200212	86783.883
200301	91361.186
200302	79447.436
200303	78556.762
200304	72000.086
200305	76772.357
200306	83312.784
200307	92994.456
200308	94564.966
200309	84294.444
200310	80856.645
200311	81202.477
200312	89752.56
200401	91711.87
200402	82401.132
200403	78150.028
200404	72258.059
200405	80453.517
200406	85787.044
200407	93380.738
200408	92006.38
200409	85347.978
200410	81380.181
200411	81904.001
200412	91487.085
200501	91788.687
200502	80304.842
200503	83600.739
200504	73502.72
200505	79305.738
200506	89497.662
200507	96271.947
200508	97283.964
200509	88498.157
200510	84032.092
200511	81530.777
200512	91867.236
200601	87317.096
200602	81043.385
200603	82499.221
200604	72559.761
200605	80514.919
200606	87319.138
200607	97113.07
200608	98183.47
200609	84326.897
200610	83724.439
200611	82293.012
200612	89741.623
200701	91686.368
200702	84026.366
200703	81803.026
200704	75751.468
200705	81140.09
200706	89699.353
200707	96548.36
200708	99085.845
200709	87922.262
200710	83809.565
200711	82392.846
200712	91275.938
200801	94459.363
200802	86625.885
200803	83215.395
200804	76753.165
200805	81055.86
200806	89347.251
200807	98032.298
200808	95589.857
200809	85375.742
200810	79982.376
200811	80883.436
200812	89259.461
200901	90639.918
200902	74254.1
200903	71947.993
200904	67123.335
200905	70425.024
200906	78953.662
200907	84243.159
200908	86634.915
200909	73566.457
200910	74519.745
200911	73063.19
200912	88255.453
201001	90451.63
201002	79883.567
201003	76109.809
201004	66842.476
201005	75596.599
201006	87030.384
201007	94519.317
201008	94247.185
201009	79176.234
201010	70491.949
201011	72514.14
201012	88189.2
201101	90021.243
201102	73473.628
201103	72458.269
201104	66930.215
201105	73337.898
201106	83908.422
201107	94037.255
201108	92012
201109	76568.826
201110	69458.238
201111	66918.654
201112	73359.437
201201	70594.167
201202	62804.099
201203	57265.685
201204	51592.948
201205	62647.842
201206	71479.723
201207	86282.875
201208	82483.922
201209	69308.876
201210	66342.727
201211	69739.509
201212	73009.118
201301	74832.281
201302	66919.432
201303	70219.094
201304	60584.11
201305	64444.086
201306	74816.509
201307	82966.157
201308	81737.471
201309	72501.066
201310	66107.47
201311	65763.241
201312	77070.857
201401	83497.728
201402	76036.273
201403	71999.581
201404	57935.692
201405	63862.694
201406	74123.222
201407	81286.536
201408	80862.6
201409	68916.43
201410	60947.48
201411	64495.223
201412	67638.4
201501	71323.21
201502	67061.005
201503	58271.967
201504	48449.002
201505	57059.578
201506	68866.971
201507	76451.696
201508	73678.056
201509	64681.561
201510	53557.018
201511	48879.384
201512	50164.635
201601	61969.945
201602	50487.225
201603	39787.738
201604	38983.58
201605	44982.51
201606	63243.408
201607	74136.211
201608	73756.853
201609	62366.482
201610	54600.992
201611	48101.978
201612	64857.805
201701	63477.037
201702	48094.506
201703	48900.773
201704	44441.42
201705	51038.86
201706	59109.404
201707	70067.004
197301	50578.608
197302	45564.808
197303	45402.955
197304	43326.498
197305	43999.759
197306	45542.675
197307	48160.561
197308	49255.285
197309	45874.659
197310	46978.211
197311	47213.008
197312	50686.576
197401	50528.945
197402	45704.417
197403	46337.743
197404	43875.422
197405	45384.372
197406	44733.986
197407	48967.579
197408	49061.108
197409	44340.435
197410	46379.019
197411	45068.598
197412	48020.176
197501	50282.501
197502	46157.315
197503	47632.104
197504	44274.039
197505	43394.793
197506	45407.798
197507	48062.815
197508	49607.932
197509	44581.458
197510	45360.755
197511	46393.362
197512	51485.56
197601	53398.648
197602	47273.411
197603	49050.888
197604	46849.91
197605	47117.843
197606	48840.782
197607	52054.088
197608	52443.319
197609	48091.319
197610	49756.081
197611	52281.559
197612	56632.126
197701	56880.004
197702	50381.088
197703	50717.279
197704	46765.909
197705	49557.007
197706	52194.032
197707	56461.666
197708	55288.685
197709	51005.399
197710	50640.183
197711	51177.702
197712	54222.009
197801	54312.646
197802	45488.034
197803	43287.532
197804	46283.566
197805	49416.423
197806	52795.014
197807	56200.329
197808	58055.96
197809	55024.081
197810	53002.851
197811	53155.041
197812	58203.35
197901	61198.502
197902	54463.492
197903	54864.257
197904	51601.296
197905	54025.803
197906	56025.087
197907	60397.408
197908	60750.13
197909	54219.414
197910	55719.038
197911	55996.923
197912	61262.898
198001	63518.541
198002	59678.382
198003	58851.915
198004	52635.272
198005	52833.635
198006	56097.609
198007	63122.139
198008	62751.874
198009	57306.317
198010	55775.124
198011	56798.927
198012	63359
198101	67580.052
198102	59734.769
198103	60069.199
198104	54649.223
198105	55025.481
198106	59684.734
198107	67394.25
198108	65895.822
198109	59720.63
198110	59161.454
198111	58694.803
198112	65017.416
198201	68692.483
198202	59745.588
198203	58236.142
198204	53274.175
198205	54843.623
198206	55949.139
198207	63827.555
198208	63527.954
198209	56734.354
198210	55033.85
198211	56830.988
198212	60213.793
198301	63018.495
198302	54692.366
198303	55433.54
198304	52815.608
198305	54327.79
198306	58236.923
198307	69478.025
198308	72946.735
198309	63316.246
198310	60454.06
198311	61411.201
198312	70540.323
198401	71919.567
198402	62994.93
198403	65027.775
198404	58945.006
198405	60165.097
198406	66706.753
198407	70422.274
198408	73557.45
198409	64133.142
198410	64664.826
198411	64613.373
198412	68145.5
198501	74849.1
198502	65777.191
198503	64857.45
198504	61753.43
198505	64796.648
198506	66978.446
198507	74162.318
198508	73101.563
198509	66673.298
198510	65032.786
198511	64865.711
198512	75200.718
198601	75872.541
198602	65822.741
198603	64537.966
198604	58921.077
198605	61559.018
198606	68193.076
198607	76787.333
198608	70590.401
198609	65293.125
198610	63179.272
198611	63682.41
198612	69792.008
198701	72647.557
198702	63090.85
198703	63784.29
198704	61471.941
198705	65950.473
198706	72204.411
198707	80478.546
198708	79934.558
198709	68983.521
198710	67298.576
198711	66633.901
198712	74461.968
198801	78967.267
198802	72165.673
198803	69653.994
198804	64152.338
198805	66506.652
198806	75076.25
198807	81993.87
198808	85300.987
198809	71377.027
198810	70248.363
198811	70008.168
198812	78191.217
198901	77972.523
198902	73707.444
198903	73129.833
198904	66694.322
198905	68795.624
198906	73767.343
198907	80039.787
198908	80599.391
198909	72790.488
198910	71558.601
198911	72019.256
198912	83925.271
199001	77917.507
199002	69138.38
199003	72120.262
199004	68396.59
199005	69683.12
199006	75714.409
199007	82114.088
199008	83806.284
199009	77368.112
199010	75716.732
199011	72438.484
199012	80083.601
199101	82810.979
199102	69163.308
199103	70078.844
199104	65017.029
199105	70901.257
199106	75581.345
199107	82301.26
199108	82276.459
199109	74643.435
199110	72948.511
199111	75197.695
199112	78306.681
199201	79495.144
199202	71012.597
199203	73820.015
199204	68950.957
199205	70614.019
199206	74056.109
199207	84516.155
199208	81115.988
199209	76176.47
199210	73631.888
199211	73551.673
199212	80713.784
199301	80663.12
199302	74794.963
199303	78172.646
199304	70048.053
199305	70336.817
199306	78621.11
199307	89450.433
199308	88607.984
199309	76788.272
199310	76082.939
199311	76934.941
199312	83580.006
199401	88402.068
199402	76903.91
199403	77654.016
199404	70555.787
199405	73719.808
199406	83932.669
199407	87617.708
199408	86743.143
199409	77099.295
199410	75461.363
199411	73152.261
199412	80043.874
199501	83049.856
199502	74907.849
199503	74826.637
199504	69517.601
199505	73073.84
199506	79796.709
199507	90648.083
199508	95025.659
199509	79682.071
199510	77378.663
199511	78674.73
199512	85522.078
199601	88468.208
199602	80225.103
199603	80319.241
199604	72688.563
199605	77851.52
199606	84077.94
199607	91215.951
199608	92171.521
199609	82396.059
199610	82553.787
199611	84828.236
199612	89524.643
199701	92703.081
199702	78849.55
199703	80386.51
199704	76572.695
199705	78225.959
199706	83746.381
199707	95463.938
199708	93212.351
199709	86709.737
199710	87018.46
199711	84458.566
199712	92197.228
199801	90586.396
199802	79507.094
199803	82485.725
199804	76736.996
199805	83216.933
199806	89349.469
199807	97810.317
199808	97676.419
199809	88181.89
199810	83888.702
199811	79799.744
199812	87863.131
199901	91238.539
199902	78967.232
199903	82646.818
199904	78636.501
199905	82204.376
199906	88323.05
199907	99880.333
199908	96862.518
199909	87128.816
199910	83773.023
199911	81134.295
199912	87851.042
200001	97043.237
200002	88029.479
200003	86379.33
200004	78212.149
200005	85275.298
200006	92577.183
200007	96419.551
200008	99791.091
200009	89049.419
200010	88309.091
200011	87678.809
200012	95330.237
200101	96896.583
200102	83772.227
200103	86499.188
200104	78371.593
200105	84604.868
200106	90024.609
200107	99156.536
200108	101105.371
200109	86705.072
200110	83511.233
200111	81013.457
200112	88484.795
200201	90003.707
200202	79568.765
200203	83394.611
200204	78688.328
200205	83658.24
200206	90613.311
200207	99977.291
200208	99012.333
200209	91304.887
200210	88469.273
200211	87015.673
200212	94648.155
200301	99026.1
200302	87031.782
200303	86182.176
200304	79312.222
200305	83889.216
200306	90507.648
200307	100380.515
200308	101871.669
200309	91509.592
200310	88394.926
200311	88947.222
200312	97807.773
200401	99807.875
200402	90233.479
200403	86075.842
200404	79645.136
200405	87694.373
200406	92975.548
200407	100663.512
200408	99319.155
200409	92548.059
200410	89025.608
200411	89666.526
200412	99599.425
200501	99403.225
200502	87720.533
200503	91150.681
200504	80859.706
200505	86367.787
200506	96504.417
200507	103428.775
200508	104549.477
200509	95689.525
200510	91469.168
200511	89018.317
200512	99816
200601	94621.37
200602	88231.349
200603	89877.102
200604	79419.116
200605	87490.378
200606	94297.71
200607	104145.4
200608	105198.209
200609	91333.887
200610	91199.139
200611	89548.183
200612	96929.919
200701	98737.661
200702	90969.775
200703	89019.463
200704	82540.111
200705	88010.435
200706	96555.217
200707	103282.294
200708	105786.699
200709	94596.351
200710	90819.885
200711	89310.735
200712	98369.504
200801	101388.662
200802	93441.72
200803	90154.05
200804	83461.557
200805	87807.055
200806	96035.744
200807	104723.707
200808	102389.859
200809	91908.77
200810	86926.884
200811	87148.645
200812	95161.791
200901	96448.616
200902	80120.525
200903	77813.967
200904	72019.193
200905	75264.05
200906	83826.921
200907	89133.755
200908	91730.842
200909	78756.705
200910	80034.899
200911	78501.9
200912	93826.234
201001	96493.761
201002	86001.06
201003	82444.118
201004	72790.215
201005	81570.459
201006	92983.42
201007	100582.163
201008	100393.037
201009	85385.77
201010	76590.832
201011	78697.159
201012	94581.723
201101	96303.081
201102	79576.763
201103	78766.962
201104	72497.188
201105	79098.326
201106	89651.825
201107	99618.148
201108	97762.441
201109	82341.004
201110	75260.839
201111	72706.918
201112	79364.672
201201	76291.6
201202	68466.207
201203	63074.891
201204	56898.617
201205	68014.705
201206	76642.097
201207	91587.644
201208	87918.693
201209	74477.409
201210	71773.73
201211	75318.703
201212	78720.825
201301	80587.134
201302	72485.533
201303	75914.288
201304	65959.613
201305	69885.357
201306	80169.252
201307	88299.204
201308	87155.789
201309	77901.622
201310	71824.198
201311	71439.212
201312	82820.614
201401	89062.794
201402	81580.981
201403	77685.495
201404	63209.565
201405	69184.695
201406	79487.082
201407	86802.295
201408	86357.128
201409	74293.549
201410	66493.941
201411	70154.743
201412	73419.21
201501	76894.69
201502	72317.599
201503	63559.966
201504	53207.419
201505	61923.19
201506	73844.88
201507	81448.949
201508	78574.441
201509	69369.492
201510	58404.552
201511	53639.953
201512	54929.549
201601	66492.289
201602	55035.651
201603	44410.153
201604	43195.669
201605	49231.02
201606	67525.5
201607	78454.047
201608	78029.334
201609	66581.907
201610	58902.007
201611	52428.988
201612	69315.906
201701	67859.472
201702	52398.005
201703	53266.511
201704	48647.093
201705	55289.704
201706	63297.927
201707	74143.489
